0 1832.000000 -168.000000 0.003033 0.084367 0.500000
1 1720.000000 -112.000000 0.003284 0.072534 0.545852
2 1607.000000 -113.000000 0.003509 0.064458 0.581395
3 1524.000000 -83.000000 0.003810 0.056151 0.622278
4 1459.000000 -65.000000 0.004101 0.049946 0.656168
5 1404.000000 -55.000000 0.004390 0.045024 0.685401
6 1353.000000 -51.000000 0.004694 0.040815 0.712251
7 1313.000000 -40.000000 0.005043 0.036876 0.739098
8 1273.000000 -40.000000 0.005378 0.033761 0.761615
9 1233.000000 -40.000000 0.005788 0.030625 0.785546
10 1218.000000 -15.000000 0.006298 0.027466 0.811030
11 1197.000000 -21.000000 0.006524 0.026276 0.821018
12 1175.000000 -22.000000 0.006879 0.024604 0.835422
13 1156.000000 -19.000000 0.007311 0.022845 0.851064
14 1135.000000 -21.000000 0.007746 0.021321 0.865052
15 1127.000000 -8.000000 0.008313 0.019631 0.881057
16 1114.000000 -13.000000 0.008557 0.018985 0.887311
17 1105.000000 -9.000000 0.008995 0.017934 0.897666
18 1096.000000 -9.000000 0.009332 0.017205 0.904977
19 1082.000000 -14.000000 0.009702 0.016474 0.912409
20 1081.000000 -1.000000 0.010354 0.015336 0.924214
21 1078.000000 -3.000000 0.010404 0.015254 0.925069
22 1068.000000 -10.000000 0.010560 0.015010 0.927644
23 1071.000000 3.000000 0.011120 0.014194 0.936330
24 1062.000000 -9.000000 0.010945 0.014439 0.933707
25 1060.000000 -2.000000 0.011491 0.013704 0.941620
26 1051.000000 -9.000000 0.011622 0.013541 0.943396
27 1047.000000 -4.000000 0.012254 0.012805 0.951475
28 1049.000000 2.000000 0.012561 0.012477 0.955110
29 1054.000000 5.000000 0.012405 0.012641 0.953289
30 1056.000000 2.000000 0.012034 0.013050 0.948767
31 1056.000000 0.000000 0.011893 0.013214 0.946970
32 1050.000000 -6.000000 0.011893 0.013214 0.946970
33 1046.000000 -4.000000 0.012329 0.012723 0.952381
34 1043.000000 -3.000000 0.012641 0.012395 0.956023
35 1038.000000 -5.000000 0.012887 0.012149 0.958773
36 1047.000000 9.000000 0.013323 0.011739 0.963391
37 1044.000000 -3.000000 0.012561 0.012477 0.955110
38 1042.000000 -2.000000 0.012804 0.012231 0.957854
39 1035.000000 -7.000000 0.012972 0.012067 0.959693
40 1040.000000 5.000000 0.013601 0.011492 0.966184
41 1045.000000 5.000000 0.013144 0.011903 0.961538
42 1040.000000 -5.000000 0.012722 0.012313 0.956938
43 1044.000000 4.000000 0.013144 0.011903 0.961538
44 1047.000000 3.000000 0.012804 0.012231 0.957854
45 1042.000000 -5.000000 0.012561 0.012477 0.955110
46 1041.000000 -1.000000 0.012972 0.012067 0.959693
47 1042.000000 1.000000 0.013057 0.011985 0.960615
48 1041.000000 -1.000000 0.012972 0.012067 0.959693
49 1045.000000 4.000000 0.013057 0.011985 0.960615
50 1040.000000 -5.000000 0.012722 0.012313 0.956938
51 1039.000000 -1.000000 0.013144 0.011903 0.961538
52 1036.000000 -3.000000 0.013233 0.011821 0.962464
53 1034.000000 -2.000000 0.013507 0.011575 0.965251
54 1039.000000 5.000000 0.013696 0.011410 0.967118
55 1046.000000 7.000000 0.013233 0.011821 0.962464
56 1036.000000 -10.000000 0.012641 0.012395 0.956023
57 1027.000000 -9.000000 0.013507 0.011575 0.965251
58 1031.000000 4.000000 0.014411 0.010835 0.973710
59 1030.000000 -1.000000 0.013993 0.011164 0.969932
60 1035.000000 5.000000 0.014095 0.011082 0.970874
61 1032.000000 -3.000000 0.013601 0.011492 0.966184
62 1031.000000 -1.000000 0.013892 0.011246 0.968992
63 1038.000000 7.000000 0.013993 0.011164 0.969932
64 1037.000000 -1.000000 0.013323 0.011739 0.963391
65 1035.000000 -2.000000 0.013414 0.011657 0.964320
66 1032.000000 -3.000000 0.013601 0.011492 0.966184
67 1032.000000 0.000000 0.013892 0.011246 0.968992
68 1038.000000 6.000000 0.013892 0.011246 0.968992
69 1042.000000 4.000000 0.013323 0.011739 0.963391
70 1041.000000 -1.000000 0.012972 0.012067 0.959693
71 1036.000000 -5.000000 0.013057 0.011985 0.960615
72 1041.000000 5.000000 0.013507 0.011575 0.965251
73 1043.000000 2.000000 0.013057 0.011985 0.960615
74 1056.000000 13.000000 0.012887 0.012149 0.958773
75 1058.000000 2.000000 0.011893 0.013214 0.946970
76 1059.000000 1.000000 0.011756 0.013377 0.945180
77 1049.000000 -10.000000 0.011688 0.013459 0.944287
78 1050.000000 1.000000 0.012405 0.012641 0.953289
79 1051.000000 1.000000 0.012329 0.012723 0.952381
80 1047.000000 -4.000000 0.012254 0.012805 0.951475
81 1038.000000 -9.000000 0.012561 0.012477 0.955110
82 1029.000000 -9.000000 0.013323 0.011739 0.963391
83 1032.000000 3.000000 0.014198 0.010999 0.971817
84 1033.000000 1.000000 0.013892 0.011246 0.968992
85 1033.000000 0.000000 0.013794 0.011328 0.968054
86 1029.000000 -4.000000 0.013794 0.011328 0.968054
87 1041.000000 12.000000 0.014198 0.010999 0.971817
88 1045.000000 4.000000 0.013057 0.011985 0.960615
89 1046.000000 1.000000 0.012722 0.012313 0.956938
90 1048.000000 2.000000 0.012641 0.012395 0.956023
91 1040.000000 -8.000000 0.012483 0.012559 0.954198
92 1044.000000 4.000000 0.013144 0.011903 0.961538
93 1039.000000 -5.000000 0.012804 0.012231 0.957854
94 1041.000000 2.000000 0.013233 0.011821 0.962464
95 1047.000000 6.000000 0.013057 0.011985 0.960615
96 1054.000000 7.000000 0.012561 0.012477 0.955110
97 1050.000000 -4.000000 0.012034 0.013050 0.948767
98 1054.000000 4.000000 0.012329 0.012723 0.952381
99 1064.000000 10.000000 0.012034 0.013050 0.948767
100 1066.000000 2.000000 0.011364 0.013868 0.939850
101 1070.000000 4.000000 0.011241 0.014031 0.938086
102 1066.000000 -4.000000 0.011002 0.014358 0.934579
103 1070.000000 4.000000 0.011241 0.014031 0.938086
104 1075.000000 5.000000 0.011002 0.014358 0.934579
105 1078.000000 3.000000 0.010721 0.014765 0.930233
106 1057.000000 -21.000000 0.010560 0.015010 0.927644
107 1046.000000 -11.000000 0.011824 0.013296 0.946074
108 1047.000000 1.000000 0.012641 0.012395 0.956023
109 1054.000000 7.000000 0.012561 0.012477 0.955110
110 1047.000000 -7.000000 0.012034 0.013050 0.948767
111 1053.000000 6.000000 0.012561 0.012477 0.955110
112 1055.000000 2.000000 0.012107 0.012968 0.949668
113 1055.000000 0.000000 0.011963 0.013132 0.947867
114 1054.000000 -1.000000 0.011963 0.013132 0.947867
115 1040.000000 -14.000000 0.012034 0.013050 0.948767
116 1034.000000 -6.000000 0.013144 0.011903 0.961538
117 1043.000000 9.000000 0.013696 0.011410 0.967118
118 1042.000000 -1.000000 0.012887 0.012149 0.958773
119 1043.000000 1.000000 0.012972 0.012067 0.959693
120 1056.000000 13.000000 0.012887 0.012149 0.958773
121 1053.000000 -3.000000 0.011893 0.013214 0.946970
122 1054.000000 1.000000 0.012107 0.012968 0.949668
123 1049.000000 -5.000000 0.012034 0.013050 0.948767
124 1050.000000 1.000000 0.012405 0.012641 0.953289
125 1045.000000 -5.000000 0.012329 0.012723 0.952381
126 1037.000000 -8.000000 0.012722 0.012313 0.956938
127 1036.000000 -1.000000 0.013414 0.011657 0.964320
128 1036.000000 0.000000 0.013507 0.011575 0.965251
129 1038.000000 2.000000 0.013507 0.011575 0.965251
130 1043.000000 5.000000 0.013323 0.011739 0.963391
131 1042.000000 -1.000000 0.012887 0.012149 0.958773
132 1045.000000 3.000000 0.012972 0.012067 0.959693
133 1047.000000 2.000000 0.012722 0.012313 0.956938
134 1048.000000 1.000000 0.012561 0.012477 0.955110
135 1042.000000 -6.000000 0.012483 0.012559 0.954198
136 1039.000000 -3.000000 0.012972 0.012067 0.959693
137 1039.000000 0.000000 0.013233 0.011821 0.962464
138 1043.000000 4.000000 0.013233 0.011821 0.962464
139 1040.000000 -3.000000 0.012887 0.012149 0.958773
140 1045.000000 5.000000 0.013144 0.011903 0.961538
141 1047.000000 2.000000 0.012722 0.012313 0.956938
142 1050.000000 3.000000 0.012561 0.012477 0.955110
143 1051.000000 1.000000 0.012329 0.012723 0.952381
144 1058.000000 7.000000 0.012254 0.012805 0.951475
145 1051.000000 -7.000000 0.011756 0.013377 0.945180
146 1047.000000 -4.000000 0.012254 0.012805 0.951475
147 1048.000000 1.000000 0.012561 0.012477 0.955110
148 1049.000000 1.000000 0.012483 0.012559 0.954198
149 1053.000000 4.000000 0.012405 0.012641 0.953289
150 1057.000000 4.000000 0.012107 0.012968 0.949668
151 1051.000000 -6.000000 0.011824 0.013296 0.946074
152 1051.000000 0.000000 0.012254 0.012805 0.951475
153 1043.000000 -8.000000 0.012254 0.012805 0.951475
154 1040.000000 -3.000000 0.012887 0.012149 0.958773
155 1041.000000 1.000000 0.013144 0.011903 0.961538
156 1039.000000 -2.000000 0.013057 0.011985 0.960615
157 1038.000000 -1.000000 0.013233 0.011821 0.962464
158 1053.000000 15.000000 0.013323 0.011739 0.963391
159 1052.000000 -1.000000 0.012107 0.012968 0.949668
160 1053.000000 1.000000 0.012180 0.012886 0.950570
161 1058.000000 5.000000 0.012107 0.012968 0.949668
162 1062.000000 4.000000 0.011756 0.013377 0.945180
163 1056.000000 -6.000000 0.011491 0.013704 0.941620
164 1060.000000 4.000000 0.011893 0.013214 0.946970
165 1058.000000 -2.000000 0.011622 0.013541 0.943396
166 1062.000000 4.000000 0.011756 0.013377 0.945180
167 1061.000000 -1.000000 0.011491 0.013704 0.941620
168 1060.000000 -1.000000 0.011556 0.013623 0.942507
169 1056.000000 -4.000000 0.011622 0.013541 0.943396
170 1056.000000 0.000000 0.011893 0.013214 0.946970
171 1058.000000 2.000000 0.011893 0.013214 0.946970
172 1060.000000 2.000000 0.011756 0.013377 0.945180
173 1048.000000 -12.000000 0.011622 0.013541 0.943396
174 1046.000000 -2.000000 0.012483 0.012559 0.954198
175 1035.000000 -11.000000 0.012641 0.012395 0.956023
176 1039.000000 4.000000 0.013601 0.011492 0.966184
177 1036.000000 -3.000000 0.013233 0.011821 0.962464
178 1035.000000 -1.000000 0.013507 0.011575 0.965251
179 1037.000000 2.000000 0.013601 0.011492 0.966184
180 1042.000000 5.000000 0.013414 0.011657 0.964320
181 1036.000000 -6.000000 0.012972 0.012067 0.959693
182 1047.000000 11.000000 0.013507 0.011575 0.965251
183 1046.000000 -1.000000 0.012561 0.012477 0.955110
184 1056.000000 10.000000 0.012641 0.012395 0.956023
185 1058.000000 2.000000 0.011893 0.013214 0.946970
186 1051.000000 -7.000000 0.011756 0.013377 0.945180
187 1052.000000 1.000000 0.012254 0.012805 0.951475
188 1050.000000 -2.000000 0.012180 0.012886 0.950570
189 1051.000000 1.000000 0.012329 0.012723 0.952381
190 1058.000000 7.000000 0.012254 0.012805 0.951475
191 1059.000000 1.000000 0.011756 0.013377 0.945180
192 1061.000000 2.000000 0.011688 0.013459 0.944287
193 1053.000000 -8.000000 0.011556 0.013623 0.942507
194 1056.000000 3.000000 0.012107 0.012968 0.949668
195 1049.000000 -7.000000 0.011893 0.013214 0.946970
196 1051.000000 2.000000 0.012405 0.012641 0.953289
197 1053.000000 2.000000 0.012254 0.012805 0.951475
198 1039.000000 -14.000000 0.012107 0.012968 0.949668
199 1039.000000 0.000000 0.013233 0.011821 0.962464
200 1039.000000 0.000000 0.013233 0.011821 0.962464
201 1038.000000 -1.000000 0.013233 0.011821 0.962464
202 1045.000000 7.000000 0.013323 0.011739 0.963391
203 1041.000000 -4.000000 0.012722 0.012313 0.956938
204 1037.000000 -4.000000 0.013057 0.011985 0.960615
205 1044.000000 7.000000 0.013414 0.011657 0.964320
206 1041.000000 -3.000000 0.012804 0.012231 0.957854
207 1054.000000 13.000000 0.013057 0.011985 0.960615
208 1054.000000 0.000000 0.012034 0.013050 0.948767
209 1053.000000 -1.000000 0.012034 0.013050 0.948767
210 1050.000000 -3.000000 0.012107 0.012968 0.949668
211 1040.000000 -10.000000 0.012329 0.012723 0.952381
212 1047.000000 7.000000 0.013144 0.011903 0.961538
213 1049.000000 2.000000 0.012561 0.012477 0.955110
214 1050.000000 1.000000 0.012405 0.012641 0.953289
215 1043.000000 -7.000000 0.012329 0.012723 0.952381
216 1046.000000 3.000000 0.012887 0.012149 0.958773
217 1045.000000 -1.000000 0.012641 0.012395 0.956023
218 1048.000000 3.000000 0.012722 0.012313 0.956938
219 1050.000000 2.000000 0.012483 0.012559 0.954198
220 1061.000000 11.000000 0.012329 0.012723 0.952381
221 1058.000000 -3.000000 0.011556 0.013623 0.942507
222 1053.000000 -5.000000 0.011756 0.013377 0.945180
223 1047.000000 -6.000000 0.012107 0.012968 0.949668
224 1050.000000 3.000000 0.012561 0.012477 0.955110
225 1052.000000 2.000000 0.012329 0.012723 0.952381
226 1051.000000 -1.000000 0.012180 0.012886 0.950570
227 1063.000000 12.000000 0.012254 0.012805 0.951475
228 1062.000000 -1.000000 0.011427 0.013786 0.940734
229 1059.000000 -3.000000 0.011491 0.013704 0.941620
230 1057.000000 -2.000000 0.011688 0.013459 0.944287
231 1060.000000 3.000000 0.011824 0.013296 0.946074
232 1059.000000 -1.000000 0.011622 0.013541 0.943396
233 1062.000000 3.000000 0.011688 0.013459 0.944287
234 1069.000000 7.000000 0.011491 0.013704 0.941620
235 1071.000000 2.000000 0.011061 0.014276 0.935454
236 1072.000000 1.000000 0.010945 0.014439 0.933707
237 1065.000000 -7.000000 0.010888 0.014521 0.932836
238 1060.000000 -5.000000 0.011302 0.013949 0.938967
239 1066.000000 6.000000 0.011622 0.013541 0.943396
240 1066.000000 0.000000 0.011241 0.014031 0.938086
241 1068.000000 2.000000 0.011241 0.014031 0.938086
242 1072.000000 4.000000 0.011120 0.014194 0.936330
243 1061.000000 -11.000000 0.010888 0.014521 0.932836
244 1052.000000 -9.000000 0.011556 0.013623 0.942507
245 1046.000000 -6.000000 0.012180 0.012886 0.950570
246 1043.000000 -3.000000 0.012641 0.012395 0.956023
247 1036.000000 -7.000000 0.012887 0.012149 0.958773
248 1049.000000 13.000000 0.013507 0.011575 0.965251
249 1045.000000 -4.000000 0.012405 0.012641 0.953289
250 1047.000000 2.000000 0.012722 0.012313 0.956938
251 1045.000000 -2.000000 0.012561 0.012477 0.955110
252 1046.000000 1.000000 0.012722 0.012313 0.956938
253 1040.000000 -6.000000 0.012641 0.012395 0.956023
254 1039.000000 -1.000000 0.013144 0.011903 0.961538
255 1036.000000 -3.000000 0.013233 0.011821 0.962464
256 1030.000000 -6.000000 0.013507 0.011575 0.965251
257 1028.000000 -2.000000 0.014095 0.011082 0.970874
258 1038.000000 10.000000 0.014304 0.010917 0.972763
259 1041.000000 3.000000 0.013323 0.011739 0.963391
260 1048.000000 7.000000 0.013057 0.011985 0.960615
261 1050.000000 2.000000 0.012483 0.012559 0.954198
262 1048.000000 -2.000000 0.012329 0.012723 0.952381
263 1057.000000 9.000000 0.012483 0.012559 0.954198
264 1058.000000 1.000000 0.011824 0.013296 0.946074
265 1051.000000 -7.000000 0.011756 0.013377 0.945180
266 1045.000000 -6.000000 0.012254 0.012805 0.951475
267 1051.000000 6.000000 0.012722 0.012313 0.956938
268 1044.000000 -7.000000 0.012254 0.012805 0.951475
269 1049.000000 5.000000 0.012804 0.012231 0.957854
270 1055.000000 6.000000 0.012405 0.012641 0.953289
271 1052.000000 -3.000000 0.011963 0.013132 0.947867
272 1052.000000 0.000000 0.012180 0.012886 0.950570
273 1055.000000 3.000000 0.012180 0.012886 0.950570
274 1057.000000 2.000000 0.011963 0.013132 0.947867
275 1066.000000 9.000000 0.011824 0.013296 0.946074
276 1067.000000 1.000000 0.011241 0.014031 0.938086
277 1069.000000 2.000000 0.011180 0.014113 0.937207
278 1068.000000 -1.000000 0.011061 0.014276 0.935454
279 1074.000000 6.000000 0.011120 0.014194 0.936330
280 1067.000000 -7.000000 0.010776 0.014684 0.931099
281 1072.000000 5.000000 0.011180 0.014113 0.937207
282 1066.000000 -6.000000 0.010888 0.014521 0.932836
283 1063.000000 -3.000000 0.011241 0.014031 0.938086
284 1064.000000 1.000000 0.011427 0.013786 0.940734
285 1059.000000 -5.000000 0.011364 0.013868 0.939850
286 1061.000000 2.000000 0.011688 0.013459 0.944287
287 1062.000000 1.000000 0.011556 0.013623 0.942507
288 1053.000000 -9.000000 0.011491 0.013704 0.941620
289 1056.000000 3.000000 0.012107 0.012968 0.949668
290 1051.000000 -5.000000 0.011893 0.013214 0.946970
291 1054.000000 3.000000 0.012254 0.012805 0.951475
292 1054.000000 0.000000 0.012034 0.013050 0.948767
293 1057.000000 3.000000 0.012034 0.013050 0.948767
294 1060.000000 3.000000 0.011824 0.013296 0.946074
295 1060.000000 0.000000 0.011622 0.013541 0.943396
296 1064.000000 4.000000 0.011622 0.013541 0.943396
297 1065.000000 1.000000 0.011364 0.013868 0.939850
298 1069.000000 4.000000 0.011302 0.013949 0.938967
299 1063.000000 -6.000000 0.011061 0.014276 0.935454
300 1062.000000 -1.000000 0.011427 0.013786 0.940734
301 1065.000000 3.000000 0.011491 0.013704 0.941620
302 1063.000000 -2.000000 0.011302 0.013949 0.938967
303 1060.000000 -3.000000 0.011427 0.013786 0.940734
304 1063.000000 3.000000 0.011622 0.013541 0.943396
305 1049.000000 -14.000000 0.011427 0.013786 0.940734
306 1052.000000 3.000000 0.012405 0.012641 0.953289
307 1048.000000 -4.000000 0.012180 0.012886 0.950570
308 1052.000000 4.000000 0.012483 0.012559 0.954198
309 1048.000000 -4.000000 0.012180 0.012886 0.950570
310 1046.000000 -2.000000 0.012483 0.012559 0.954198
311 1054.000000 8.000000 0.012641 0.012395 0.956023
312 1050.000000 -4.000000 0.012034 0.013050 0.948767
313 1049.000000 -1.000000 0.012329 0.012723 0.952381
314 1050.000000 1.000000 0.012405 0.012641 0.953289
315 1050.000000 0.000000 0.012329 0.012723 0.952381
316 1046.000000 -4.000000 0.012329 0.012723 0.952381
317 1043.000000 -3.000000 0.012641 0.012395 0.956023
318 1047.000000 4.000000 0.012887 0.012149 0.958773
319 1038.000000 -9.000000 0.012561 0.012477 0.955110
320 1043.000000 5.000000 0.013323 0.011739 0.963391
321 1044.000000 1.000000 0.012887 0.012149 0.958773
322 1042.000000 -2.000000 0.012804 0.012231 0.957854
323 1042.000000 0.000000 0.012972 0.012067 0.959693
324 1050.000000 8.000000 0.012972 0.012067 0.959693
325 1042.000000 -8.000000 0.012329 0.012723 0.952381
326 1046.000000 4.000000 0.012972 0.012067 0.959693
327 1047.000000 1.000000 0.012641 0.012395 0.956023
328 1056.000000 9.000000 0.012561 0.012477 0.955110
329 1054.000000 -2.000000 0.011893 0.013214 0.946970
330 1051.000000 -3.000000 0.012034 0.013050 0.948767
331 1049.000000 -2.000000 0.012254 0.012805 0.951475
332 1046.000000 -3.000000 0.012405 0.012641 0.953289
333 1058.000000 12.000000 0.012641 0.012395 0.956023
334 1060.000000 2.000000 0.011756 0.013377 0.945180
335 1054.000000 -6.000000 0.011622 0.013541 0.943396
336 1056.000000 2.000000 0.012034 0.013050 0.948767
337 1063.000000 7.000000 0.011893 0.013214 0.946970
338 1065.000000 2.000000 0.011427 0.013786 0.940734
339 1059.000000 -6.000000 0.011302 0.013949 0.938967
340 1059.000000 0.000000 0.011688 0.013459 0.944287
341 1055.000000 -4.000000 0.011688 0.013459 0.944287
342 1048.000000 -7.000000 0.011963 0.013132 0.947867
343 1049.000000 1.000000 0.012483 0.012559 0.954198
344 1046.000000 -3.000000 0.012405 0.012641 0.953289
345 1048.000000 2.000000 0.012641 0.012395 0.956023
346 1045.000000 -3.000000 0.012483 0.012559 0.954198
347 1042.000000 -3.000000 0.012722 0.012313 0.956938
348 1041.000000 -1.000000 0.012972 0.012067 0.959693
349 1047.000000 6.000000 0.013057 0.011985 0.960615
350 1047.000000 0.000000 0.012561 0.012477 0.955110
351 1048.000000 1.000000 0.012561 0.012477 0.955110
352 1048.000000 0.000000 0.012483 0.012559 0.954198
353 1053.000000 5.000000 0.012483 0.012559 0.954198
354 1058.000000 5.000000 0.012107 0.012968 0.949668
355 1053.000000 -5.000000 0.011756 0.013377 0.945180
356 1053.000000 0.000000 0.012107 0.012968 0.949668
357 1047.000000 -6.000000 0.012107 0.012968 0.949668
358 1047.000000 0.000000 0.012561 0.012477 0.955110
359 1056.000000 9.000000 0.012561 0.012477 0.955110
360 1058.000000 2.000000 0.011893 0.013214 0.946970
361 1055.000000 -3.000000 0.011756 0.013377 0.945180
362 1054.000000 -1.000000 0.011963 0.013132 0.947867
363 1050.000000 -4.000000 0.012034 0.013050 0.948767
364 1047.000000 -3.000000 0.012329 0.012723 0.952381
365 1052.000000 5.000000 0.012561 0.012477 0.955110
366 1060.000000 8.000000 0.012180 0.012886 0.950570
367 1053.000000 -7.000000 0.011622 0.013541 0.943396
368 1058.000000 5.000000 0.012107 0.012968 0.949668
369 1054.000000 -4.000000 0.011756 0.013377 0.945180
370 1053.000000 -1.000000 0.012034 0.013050 0.948767
371 1053.000000 0.000000 0.012107 0.012968 0.949668
372 1044.000000 -9.000000 0.012107 0.012968 0.949668
373 1039.000000 -5.000000 0.012804 0.012231 0.957854
374 1038.000000 -1.000000 0.013233 0.011821 0.962464
375 1034.000000 -4.000000 0.013323 0.011739 0.963391
376 1033.000000 -1.000000 0.013696 0.011410 0.967118
377 1042.000000 9.000000 0.013794 0.011328 0.968054
378 1036.000000 -6.000000 0.012972 0.012067 0.959693
379 1034.000000 -2.000000 0.013507 0.011575 0.965251
380 1038.000000 4.000000 0.013696 0.011410 0.967118
381 1047.000000 9.000000 0.013323 0.011739 0.963391
382 1042.000000 -5.000000 0.012561 0.012477 0.955110
383 1039.000000 -3.000000 0.012972 0.012067 0.959693
384 1038.000000 -1.000000 0.013233 0.011821 0.962464
385 1037.000000 -1.000000 0.013323 0.011739 0.963391
386 1047.000000 10.000000 0.013414 0.011657 0.964320
387 1044.000000 -3.000000 0.012561 0.012477 0.955110
388 1044.000000 0.000000 0.012804 0.012231 0.957854
389 1040.000000 -4.000000 0.012804 0.012231 0.957854
390 1048.000000 8.000000 0.013144 0.011903 0.961538
391 1038.000000 -10.000000 0.012483 0.012559 0.954198
392 1046.000000 8.000000 0.013323 0.011739 0.963391
393 1041.000000 -5.000000 0.012641 0.012395 0.956023
394 1050.000000 9.000000 0.013057 0.011985 0.960615
395 1053.000000 3.000000 0.012329 0.012723 0.952381
396 1054.000000 1.000000 0.012107 0.012968 0.949668
397 1046.000000 -8.000000 0.012034 0.013050 0.948767
398 1053.000000 7.000000 0.012641 0.012395 0.956023
399 1046.000000 -7.000000 0.012107 0.012968 0.949668
400 1047.000000 1.000000 0.012641 0.012395 0.956023
401 1048.000000 1.000000 0.012561 0.012477 0.955110
402 1043.000000 -5.000000 0.012483 0.012559 0.954198
403 1043.000000 0.000000 0.012887 0.012149 0.958773
404 1048.000000 5.000000 0.012887 0.012149 0.958773
405 1054.000000 6.000000 0.012483 0.012559 0.954198
406 1052.000000 -2.000000 0.012034 0.013050 0.948767
407 1046.000000 -6.000000 0.012180 0.012886 0.950570
408 1041.000000 -5.000000 0.012641 0.012395 0.956023
409 1039.000000 -2.000000 0.013057 0.011985 0.960615
410 1039.000000 0.000000 0.013233 0.011821 0.962464
411 1031.000000 -8.000000 0.013233 0.011821 0.962464
412 1034.000000 3.000000 0.013993 0.011164 0.969932
413 1040.000000 6.000000 0.013696 0.011410 0.967118
414 1042.000000 2.000000 0.013144 0.011903 0.961538
415 1040.000000 -2.000000 0.012972 0.012067 0.959693
416 1039.000000 -1.000000 0.013144 0.011903 0.961538
417 1047.000000 8.000000 0.013233 0.011821 0.962464
418 1060.000000 13.000000 0.012561 0.012477 0.955110
419 1064.000000 4.000000 0.011622 0.013541 0.943396
420 1067.000000 3.000000 0.011364 0.013868 0.939850
421 1061.000000 -6.000000 0.011180 0.014113 0.937207
422 1059.000000 -2.000000 0.011556 0.013623 0.942507
423 1058.000000 -1.000000 0.011688 0.013459 0.944287
424 1057.000000 -1.000000 0.011756 0.013377 0.945180
425 1059.000000 2.000000 0.011824 0.013296 0.946074
426 1065.000000 6.000000 0.011688 0.013459 0.944287
427 1069.000000 4.000000 0.011302 0.013949 0.938967
428 1059.000000 -10.000000 0.011061 0.014276 0.935454
429 1056.000000 -3.000000 0.011688 0.013459 0.944287
430 1048.000000 -8.000000 0.011893 0.013214 0.946970
431 1037.000000 -11.000000 0.012483 0.012559 0.954198
432 1046.000000 9.000000 0.013414 0.011657 0.964320
433 1055.000000 9.000000 0.012641 0.012395 0.956023
434 1059.000000 4.000000 0.011963 0.013132 0.947867
435 1063.000000 4.000000 0.011688 0.013459 0.944287
436 1062.000000 -1.000000 0.011427 0.013786 0.940734
437 1058.000000 -4.000000 0.011491 0.013704 0.941620
438 1062.000000 4.000000 0.011756 0.013377 0.945180
439 1057.000000 -5.000000 0.011491 0.013704 0.941620
440 1049.000000 -8.000000 0.011824 0.013296 0.946074
441 1056.000000 7.000000 0.012405 0.012641 0.953289
442 1057.000000 1.000000 0.011893 0.013214 0.946970
443 1062.000000 5.000000 0.011824 0.013296 0.946074
444 1059.000000 -3.000000 0.011491 0.013704 0.941620
445 1061.000000 2.000000 0.011688 0.013459 0.944287
446 1060.000000 -1.000000 0.011556 0.013623 0.942507
447 1053.000000 -7.000000 0.011622 0.013541 0.943396
448 1052.000000 -1.000000 0.012107 0.012968 0.949668
449 1053.000000 1.000000 0.012180 0.012886 0.950570
450 1059.000000 6.000000 0.012107 0.012968 0.949668
451 1058.000000 -1.000000 0.011688 0.013459 0.944287
452 1061.000000 3.000000 0.011756 0.013377 0.945180
453 1062.000000 1.000000 0.011556 0.013623 0.942507
454 1065.000000 3.000000 0.011491 0.013704 0.941620
455 1065.000000 0.000000 0.011302 0.013949 0.938967
456 1059.000000 -6.000000 0.011302 0.013949 0.938967
457 1070.000000 11.000000 0.011688 0.013459 0.944287
458 1063.000000 -7.000000 0.011002 0.014358 0.934579
459 1063.000000 0.000000 0.011427 0.013786 0.940734
460 1058.000000 -5.000000 0.011427 0.013786 0.940734
461 1060.000000 2.000000 0.011756 0.013377 0.945180
462 1066.000000 6.000000 0.011622 0.013541 0.943396
463 1064.000000 -2.000000 0.011241 0.014031 0.938086
464 1059.000000 -5.000000 0.011364 0.013868 0.939850
465 1064.000000 5.000000 0.011688 0.013459 0.944287
466 1060.000000 -4.000000 0.011364 0.013868 0.939850
467 1055.000000 -5.000000 0.011622 0.013541 0.943396
468 1051.000000 -4.000000 0.011963 0.013132 0.947867
469 1052.000000 1.000000 0.012254 0.012805 0.951475
470 1052.000000 0.000000 0.012180 0.012886 0.950570
471 1047.000000 -5.000000 0.012180 0.012886 0.950570
472 1048.000000 1.000000 0.012561 0.012477 0.955110
473 1055.000000 7.000000 0.012483 0.012559 0.954198
474 1053.000000 -2.000000 0.011963 0.013132 0.947867
475 1050.000000 -3.000000 0.012107 0.012968 0.949668
476 1051.000000 1.000000 0.012329 0.012723 0.952381
477 1051.000000 0.000000 0.012254 0.012805 0.951475
478 1042.000000 -9.000000 0.012254 0.012805 0.951475
479 1040.000000 -2.000000 0.012972 0.012067 0.959693
480 1035.000000 -5.000000 0.013144 0.011903 0.961538
481 1040.000000 5.000000 0.013601 0.011492 0.966184
482 1042.000000 2.000000 0.013144 0.011903 0.961538
483 1046.000000 4.000000 0.012972 0.012067 0.959693
484 1044.000000 -2.000000 0.012641 0.012395 0.956023
485 1043.000000 -1.000000 0.012804 0.012231 0.957854
486 1044.000000 1.000000 0.012887 0.012149 0.958773
487 1055.000000 11.000000 0.012804 0.012231 0.957854
488 1056.000000 1.000000 0.011963 0.013132 0.947867
489 1056.000000 0.000000 0.011893 0.013214 0.946970
490 1053.000000 -3.000000 0.011893 0.013214 0.946970
491 1054.000000 1.000000 0.012107 0.012968 0.949668
492 1061.000000 7.000000 0.012034 0.013050 0.948767
493 1063.000000 2.000000 0.011556 0.013623 0.942507
494 1077.000000 14.000000 0.011427 0.013786 0.940734
495 1073.000000 -4.000000 0.010613 0.014928 0.928505
496 1070.000000 -3.000000 0.010831 0.014602 0.931966
497 1070.000000 0.000000 0.011002 0.014358 0.934579
498 1055.000000 -15.000000 0.011002 0.014358 0.934579
499 1059.000000 4.000000 0.011963 0.013132 0.947867
500 1051.000000 -8.000000 0.011688 0.013459 0.944287
501 1051.000000 0.000000 0.012254 0.012805 0.951475
502 1055.000000 4.000000 0.012254 0.012805 0.951475
503 1062.000000 7.000000 0.011963 0.013132 0.947867
504 1062.000000 0.000000 0.011491 0.013704 0.941620
505 1049.000000 -13.000000 0.011491 0.013704 0.941620
506 1040.000000 -9.000000 0.012405 0.012641 0.953289
507 1039.000000 -1.000000 0.013144 0.011903 0.961538
508 1036.000000 -3.000000 0.013233 0.011821 0.962464
509 1030.000000 -6.000000 0.013507 0.011575 0.965251
510 1034.000000 4.000000 0.014095 0.011082 0.970874
511 1045.000000 11.000000 0.013696 0.011410 0.967118
512 1048.000000 3.000000 0.012722 0.012313 0.956938
513 1034.000000 -14.000000 0.012483 0.012559 0.954198
514 1033.000000 -1.000000 0.013696 0.011410 0.967118
515 1035.000000 2.000000 0.013794 0.011328 0.968054
516 1038.000000 3.000000 0.013601 0.011492 0.966184
517 1039.000000 1.000000 0.013323 0.011739 0.963391
518 1044.000000 5.000000 0.013233 0.011821 0.962464
519 1052.000000 8.000000 0.012804 0.012231 0.957854
520 1056.000000 4.000000 0.012180 0.012886 0.950570
521 1052.000000 -4.000000 0.011893 0.013214 0.946970
522 1057.000000 5.000000 0.012180 0.012886 0.950570
523 1061.000000 4.000000 0.011824 0.013296 0.946074
524 1063.000000 2.000000 0.011556 0.013623 0.942507
525 1053.000000 -10.000000 0.011427 0.013786 0.940734
526 1040.000000 -13.000000 0.012107 0.012968 0.949668
527 1033.000000 -7.000000 0.013144 0.011903 0.961538
528 1037.000000 4.000000 0.013794 0.011328 0.968054
529 1036.000000 -1.000000 0.013414 0.011657 0.964320
530 1035.000000 -1.000000 0.013507 0.011575 0.965251
531 1040.000000 5.000000 0.013601 0.011492 0.966184
532 1035.000000 -5.000000 0.013144 0.011903 0.961538
533 1039.000000 4.000000 0.013601 0.011492 0.966184
534 1042.000000 3.000000 0.013233 0.011821 0.962464
535 1048.000000 6.000000 0.012972 0.012067 0.959693
536 1048.000000 0.000000 0.012483 0.012559 0.954198
537 1047.000000 -1.000000 0.012483 0.012559 0.954198
538 1042.000000 -5.000000 0.012561 0.012477 0.955110
539 1042.000000 0.000000 0.012972 0.012067 0.959693
540 1032.000000 -10.000000 0.012972 0.012067 0.959693
541 1043.000000 11.000000 0.013892 0.011246 0.968992
542 1041.000000 -2.000000 0.012887 0.012149 0.958773
543 1042.000000 1.000000 0.013057 0.011985 0.960615
544 1039.000000 -3.000000 0.012972 0.012067 0.959693
545 1046.000000 7.000000 0.013233 0.011821 0.962464
546 1044.000000 -2.000000 0.012641 0.012395 0.956023
547 1049.000000 5.000000 0.012804 0.012231 0.957854
548 1048.000000 -1.000000 0.012405 0.012641 0.953289
549 1053.000000 5.000000 0.012483 0.012559 0.954198
550 1051.000000 -2.000000 0.012107 0.012968 0.949668
551 1044.000000 -7.000000 0.012254 0.012805 0.951475
552 1046.000000 2.000000 0.012804 0.012231 0.957854
553 1049.000000 3.000000 0.012641 0.012395 0.956023
554 1048.000000 -1.000000 0.012405 0.012641 0.953289
555 1042.000000 -6.000000 0.012483 0.012559 0.954198
556 1042.000000 0.000000 0.012972 0.012067 0.959693
557 1047.000000 5.000000 0.012972 0.012067 0.959693
558 1045.000000 -2.000000 0.012561 0.012477 0.955110
559 1049.000000 4.000000 0.012722 0.012313 0.956938
560 1055.000000 6.000000 0.012405 0.012641 0.953289
561 1053.000000 -2.000000 0.011963 0.013132 0.947867
562 1051.000000 -2.000000 0.012107 0.012968 0.949668
563 1046.000000 -5.000000 0.012254 0.012805 0.951475
564 1051.000000 5.000000 0.012641 0.012395 0.956023
565 1051.000000 0.000000 0.012254 0.012805 0.951475
566 1050.000000 -1.000000 0.012254 0.012805 0.951475
567 1049.000000 -1.000000 0.012329 0.012723 0.952381
568 1047.000000 -2.000000 0.012405 0.012641 0.953289
569 1041.000000 -6.000000 0.012561 0.012477 0.955110
570 1047.000000 6.000000 0.013057 0.011985 0.960615
571 1044.000000 -3.000000 0.012561 0.012477 0.955110
572 1043.000000 -1.000000 0.012804 0.012231 0.957854
573 1034.000000 -9.000000 0.012887 0.012149 0.958773
574 1043.000000 9.000000 0.013696 0.011410 0.967118
575 1040.000000 -3.000000 0.012887 0.012149 0.958773
576 1034.000000 -6.000000 0.013144 0.011903 0.961538
577 1030.000000 -4.000000 0.013696 0.011410 0.967118
578 1035.000000 5.000000 0.014095 0.011082 0.970874
579 1037.000000 2.000000 0.013601 0.011492 0.966184
580 1051.000000 14.000000 0.013414 0.011657 0.964320
581 1051.000000 0.000000 0.012254 0.012805 0.951475
582 1051.000000 0.000000 0.012254 0.012805 0.951475
583 1047.000000 -4.000000 0.012254 0.012805 0.951475
584 1042.000000 -5.000000 0.012561 0.012477 0.955110
585 1045.000000 3.000000 0.012972 0.012067 0.959693
586 1045.000000 0.000000 0.012722 0.012313 0.956938
587 1046.000000 1.000000 0.012722 0.012313 0.956938
588 1037.000000 -9.000000 0.012641 0.012395 0.956023
589 1044.000000 7.000000 0.013414 0.011657 0.964320
590 1038.000000 -6.000000 0.012804 0.012231 0.957854
591 1035.000000 -3.000000 0.013323 0.011739 0.963391
592 1047.000000 12.000000 0.013601 0.011492 0.966184
593 1044.000000 -3.000000 0.012561 0.012477 0.955110
594 1049.000000 5.000000 0.012804 0.012231 0.957854
595 1045.000000 -4.000000 0.012405 0.012641 0.953289
596 1045.000000 0.000000 0.012722 0.012313 0.956938
597 1047.000000 2.000000 0.012722 0.012313 0.956938
598 1054.000000 7.000000 0.012561 0.012477 0.955110
599 1051.000000 -3.000000 0.012034 0.013050 0.948767
600 1048.000000 -3.000000 0.012254 0.012805 0.951475
601 1046.000000 -2.000000 0.012483 0.012559 0.954198
602 1042.000000 -4.000000 0.012641 0.012395 0.956023
603 1043.000000 1.000000 0.012972 0.012067 0.959693
604 1044.000000 1.000000 0.012887 0.012149 0.958773
605 1047.000000 3.000000 0.012804 0.012231 0.957854
606 1048.000000 1.000000 0.012561 0.012477 0.955110
607 1048.000000 0.000000 0.012483 0.012559 0.954198
608 1043.000000 -5.000000 0.012483 0.012559 0.954198
609 1040.000000 -3.000000 0.012887 0.012149 0.958773
610 1037.000000 -3.000000 0.013144 0.011903 0.961538
611 1040.000000 3.000000 0.013414 0.011657 0.964320
612 1038.000000 -2.000000 0.013144 0.011903 0.961538
613 1030.000000 -8.000000 0.013323 0.011739 0.963391
614 1025.000000 -5.000000 0.014095 0.011082 0.970874
615 1034.000000 9.000000 0.014631 0.010671 0.975610
616 1035.000000 1.000000 0.013696 0.011410 0.967118
617 1040.000000 5.000000 0.013601 0.011492 0.966184
618 1037.000000 -3.000000 0.013144 0.011903 0.961538
619 1037.000000 0.000000 0.013414 0.011657 0.964320
620 1047.000000 10.000000 0.013414 0.011657 0.964320
621 1054.000000 7.000000 0.012561 0.012477 0.955110
622 1048.000000 -6.000000 0.012034 0.013050 0.948767
623 1047.000000 -1.000000 0.012483 0.012559 0.954198
624 1047.000000 0.000000 0.012561 0.012477 0.955110
625 1044.000000 -3.000000 0.012561 0.012477 0.955110
626 1049.000000 5.000000 0.012804 0.012231 0.957854
627 1046.000000 -3.000000 0.012405 0.012641 0.953289
628 1046.000000 0.000000 0.012641 0.012395 0.956023
629 1038.000000 -8.000000 0.012641 0.012395 0.956023
630 1037.000000 -1.000000 0.013323 0.011739 0.963391
631 1041.000000 4.000000 0.013414 0.011657 0.964320
632 1037.000000 -4.000000 0.013057 0.011985 0.960615
633 1035.000000 -2.000000 0.013414 0.011657 0.964320
634 1037.000000 2.000000 0.013601 0.011492 0.966184
635 1044.000000 7.000000 0.013414 0.011657 0.964320
636 1051.000000 7.000000 0.012804 0.012231 0.957854
637 1050.000000 -1.000000 0.012254 0.012805 0.951475
638 1053.000000 3.000000 0.012329 0.012723 0.952381
639 1045.000000 -8.000000 0.012107 0.012968 0.949668
640 1043.000000 -2.000000 0.012722 0.012313 0.956938
641 1049.000000 6.000000 0.012887 0.012149 0.958773
642 1058.000000 9.000000 0.012405 0.012641 0.953289
643 1048.000000 -10.000000 0.011756 0.013377 0.945180
644 1042.000000 -6.000000 0.012483 0.012559 0.954198
645 1038.000000 -4.000000 0.012972 0.012067 0.959693
646 1039.000000 1.000000 0.013323 0.011739 0.963391
647 1039.000000 0.000000 0.013233 0.011821 0.962464
648 1045.000000 6.000000 0.013233 0.011821 0.962464
649 1047.000000 2.000000 0.012722 0.012313 0.956938
650 1041.000000 -6.000000 0.012561 0.012477 0.955110
651 1046.000000 5.000000 0.013057 0.011985 0.960615
652 1049.000000 3.000000 0.012641 0.012395 0.956023
653 1053.000000 4.000000 0.012405 0.012641 0.953289
654 1046.000000 -7.000000 0.012107 0.012968 0.949668
655 1045.000000 -1.000000 0.012641 0.012395 0.956023
656 1042.000000 -3.000000 0.012722 0.012313 0.956938
657 1044.000000 2.000000 0.012972 0.012067 0.959693
658 1048.000000 4.000000 0.012804 0.012231 0.957854
659 1040.000000 -8.000000 0.012483 0.012559 0.954198
660 1029.000000 -11.000000 0.013144 0.011903 0.961538
661 1034.000000 5.000000 0.014198 0.010999 0.971817
662 1042.000000 8.000000 0.013696 0.011410 0.967118
663 1046.000000 4.000000 0.012972 0.012067 0.959693
664 1041.000000 -5.000000 0.012641 0.012395 0.956023
665 1041.000000 0.000000 0.013057 0.011985 0.960615
666 1039.000000 -2.000000 0.013057 0.011985 0.960615
667 1037.000000 -2.000000 0.013233 0.011821 0.962464
668 1039.000000 2.000000 0.013414 0.011657 0.964320
669 1031.000000 -8.000000 0.013233 0.011821 0.962464
670 1029.000000 -2.000000 0.013993 0.011164 0.969932
671 1043.000000 14.000000 0.014198 0.010999 0.971817
672 1036.000000 -7.000000 0.012887 0.012149 0.958773
673 1037.000000 1.000000 0.013507 0.011575 0.965251
674 1036.000000 -1.000000 0.013414 0.011657 0.964320
675 1043.000000 7.000000 0.013507 0.011575 0.965251
676 1045.000000 2.000000 0.012887 0.012149 0.958773
677 1047.000000 2.000000 0.012722 0.012313 0.956938
678 1053.000000 6.000000 0.012561 0.012477 0.955110
679 1060.000000 7.000000 0.012107 0.012968 0.949668
680 1050.000000 -10.000000 0.011622 0.013541 0.943396
681 1053.000000 3.000000 0.012329 0.012723 0.952381
682 1044.000000 -9.000000 0.012107 0.012968 0.949668
683 1042.000000 -2.000000 0.012804 0.012231 0.957854
684 1045.000000 3.000000 0.012972 0.012067 0.959693
685 1042.000000 -3.000000 0.012722 0.012313 0.956938
686 1037.000000 -5.000000 0.012972 0.012067 0.959693
687 1039.000000 2.000000 0.013414 0.011657 0.964320
688 1043.000000 4.000000 0.013233 0.011821 0.962464
689 1042.000000 -1.000000 0.012887 0.012149 0.958773
690 1041.000000 -1.000000 0.012972 0.012067 0.959693
691 1039.000000 -2.000000 0.013057 0.011985 0.960615
692 1041.000000 2.000000 0.013233 0.011821 0.962464
693 1045.000000 4.000000 0.013057 0.011985 0.960615
694 1040.000000 -5.000000 0.012722 0.012313 0.956938
695 1043.000000 3.000000 0.013144 0.011903 0.961538
696 1040.000000 -3.000000 0.012887 0.012149 0.958773
697 1039.000000 -1.000000 0.013144 0.011903 0.961538
698 1044.000000 5.000000 0.013233 0.011821 0.962464
699 1040.000000 -4.000000 0.012804 0.012231 0.957854
700 1043.000000 3.000000 0.013144 0.011903 0.961538
701 1049.000000 6.000000 0.012887 0.012149 0.958773
702 1053.000000 4.000000 0.012405 0.012641 0.953289
703 1064.000000 11.000000 0.012107 0.012968 0.949668
704 1051.000000 -13.000000 0.011364 0.013868 0.939850
705 1045.000000 -6.000000 0.012254 0.012805 0.951475
706 1042.000000 -3.000000 0.012722 0.012313 0.956938
707 1048.000000 6.000000 0.012972 0.012067 0.959693
708 1052.000000 4.000000 0.012483 0.012559 0.954198
709 1051.000000 -1.000000 0.012180 0.012886 0.950570
710 1043.000000 -8.000000 0.012254 0.012805 0.951475
711 1041.000000 -2.000000 0.012887 0.012149 0.958773
712 1034.000000 -7.000000 0.013057 0.011985 0.960615
713 1040.000000 6.000000 0.013696 0.011410 0.967118
714 1039.000000 -1.000000 0.013144 0.011903 0.961538
715 1038.000000 -1.000000 0.013233 0.011821 0.962464
716 1033.000000 -5.000000 0.013323 0.011739 0.963391
717 1034.000000 1.000000 0.013794 0.011328 0.968054
718 1038.000000 4.000000 0.013696 0.011410 0.967118
719 1047.000000 9.000000 0.013323 0.011739 0.963391
720 1048.000000 1.000000 0.012561 0.012477 0.955110
721 1047.000000 -1.000000 0.012483 0.012559 0.954198
722 1043.000000 -4.000000 0.012561 0.012477 0.955110
723 1043.000000 0.000000 0.012887 0.012149 0.958773
724 1044.000000 1.000000 0.012887 0.012149 0.958773
725 1045.000000 1.000000 0.012804 0.012231 0.957854
726 1052.000000 7.000000 0.012722 0.012313 0.956938
727 1051.000000 -1.000000 0.012180 0.012886 0.950570
728 1058.000000 7.000000 0.012254 0.012805 0.951475
729 1055.000000 -3.000000 0.011756 0.013377 0.945180
730 1054.000000 -1.000000 0.011963 0.013132 0.947867
731 1049.000000 -5.000000 0.012034 0.013050 0.948767
732 1052.000000 3.000000 0.012405 0.012641 0.953289
733 1045.000000 -7.000000 0.012180 0.012886 0.950570
734 1050.000000 5.000000 0.012722 0.012313 0.956938
735 1046.000000 -4.000000 0.012329 0.012723 0.952381
736 1047.000000 1.000000 0.012641 0.012395 0.956023
737 1046.000000 -1.000000 0.012561 0.012477 0.955110
738 1050.000000 4.000000 0.012641 0.012395 0.956023
739 1046.000000 -4.000000 0.012329 0.012723 0.952381
740 1038.000000 -8.000000 0.012641 0.012395 0.956023
741 1043.000000 5.000000 0.013323 0.011739 0.963391
742 1040.000000 -3.000000 0.012887 0.012149 0.958773
743 1041.000000 1.000000 0.013144 0.011903 0.961538
744 1039.000000 -2.000000 0.013057 0.011985 0.960615
745 1038.000000 -1.000000 0.013233 0.011821 0.962464
746 1042.000000 4.000000 0.013323 0.011739 0.963391
747 1037.000000 -5.000000 0.012972 0.012067 0.959693
748 1034.000000 -3.000000 0.013414 0.011657 0.964320
749 1036.000000 2.000000 0.013696 0.011410 0.967118
750 1047.000000 11.000000 0.013507 0.011575 0.965251
751 1045.000000 -2.000000 0.012561 0.012477 0.955110
752 1051.000000 6.000000 0.012722 0.012313 0.956938
753 1047.000000 -4.000000 0.012254 0.012805 0.951475
754 1045.000000 -2.000000 0.012561 0.012477 0.955110
755 1049.000000 4.000000 0.012722 0.012313 0.956938
756 1042.000000 -7.000000 0.012405 0.012641 0.953289
757 1039.000000 -3.000000 0.012972 0.012067 0.959693
758 1039.000000 0.000000 0.013233 0.011821 0.962464
759 1040.000000 1.000000 0.013233 0.011821 0.962464
760 1037.000000 -3.000000 0.013144 0.011903 0.961538
761 1034.000000 -3.000000 0.013414 0.011657 0.964320
762 1028.000000 -6.000000 0.013696 0.011410 0.967118
763 1022.000000 -6.000000 0.014304 0.010917 0.972763
764 1019.000000 -3.000000 0.014976 0.010424 0.978474
765 1036.000000 17.000000 0.015340 0.010177 0.981354
766 1037.000000 1.000000 0.013507 0.011575 0.965251
767 1042.000000 5.000000 0.013414 0.011657 0.964320
768 1040.000000 -2.000000 0.012972 0.012067 0.959693
769 1043.000000 3.000000 0.013144 0.011903 0.961538
770 1044.000000 1.000000 0.012887 0.012149 0.958773
771 1044.000000 0.000000 0.012804 0.012231 0.957854
772 1051.000000 7.000000 0.012804 0.012231 0.957854
773 1052.000000 1.000000 0.012254 0.012805 0.951475
774 1052.000000 0.000000 0.012180 0.012886 0.950570
775 1057.000000 5.000000 0.012180 0.012886 0.950570
776 1056.000000 -1.000000 0.011824 0.013296 0.946074
777 1055.000000 -1.000000 0.011893 0.013214 0.946970
778 1052.000000 -3.000000 0.011963 0.013132 0.947867
779 1047.000000 -5.000000 0.012180 0.012886 0.950570
780 1044.000000 -3.000000 0.012561 0.012477 0.955110
781 1048.000000 4.000000 0.012804 0.012231 0.957854
782 1041.000000 -7.000000 0.012483 0.012559 0.954198
783 1050.000000 9.000000 0.013057 0.011985 0.960615
784 1053.000000 3.000000 0.012329 0.012723 0.952381
785 1051.000000 -2.000000 0.012107 0.012968 0.949668
786 1049.000000 -2.000000 0.012254 0.012805 0.951475
787 1043.000000 -6.000000 0.012405 0.012641 0.953289
788 1047.000000 4.000000 0.012887 0.012149 0.958773
789 1044.000000 -3.000000 0.012561 0.012477 0.955110
790 1054.000000 10.000000 0.012804 0.012231 0.957854
791 1055.000000 1.000000 0.012034 0.013050 0.948767
792 1053.000000 -2.000000 0.011963 0.013132 0.947867
793 1054.000000 1.000000 0.012107 0.012968 0.949668
794 1052.000000 -2.000000 0.012034 0.013050 0.948767
795 1053.000000 1.000000 0.012180 0.012886 0.950570
796 1061.000000 8.000000 0.012107 0.012968 0.949668
797 1058.000000 -3.000000 0.011556 0.013623 0.942507
798 1056.000000 -2.000000 0.011756 0.013377 0.945180
799 1050.000000 -6.000000 0.011893 0.013214 0.946970
800 1044.000000 -6.000000 0.012329 0.012723 0.952381
801 1037.000000 -7.000000 0.012804 0.012231 0.957854
802 1035.000000 -2.000000 0.013414 0.011657 0.964320
803 1026.000000 -9.000000 0.013601 0.011492 0.966184
804 1030.000000 4.000000 0.014520 0.010753 0.974659
805 1036.000000 6.000000 0.014095 0.011082 0.970874
806 1030.000000 -6.000000 0.013507 0.011575 0.965251
807 1025.000000 -5.000000 0.014095 0.011082 0.970874
808 1030.000000 5.000000 0.014631 0.010671 0.975610
809 1038.000000 8.000000 0.014095 0.011082 0.970874
810 1042.000000 4.000000 0.013323 0.011739 0.963391
811 1039.000000 -3.000000 0.012972 0.012067 0.959693
812 1051.000000 12.000000 0.013233 0.011821 0.962464
813 1048.000000 -3.000000 0.012254 0.012805 0.951475
814 1044.000000 -4.000000 0.012483 0.012559 0.954198
815 1048.000000 4.000000 0.012804 0.012231 0.957854
816 1046.000000 -2.000000 0.012483 0.012559 0.954198
817 1044.000000 -2.000000 0.012641 0.012395 0.956023
818 1037.000000 -7.000000 0.012804 0.012231 0.957854
819 1032.000000 -5.000000 0.013414 0.011657 0.964320
820 1033.000000 1.000000 0.013892 0.011246 0.968992
821 1038.000000 5.000000 0.013794 0.011328 0.968054
822 1042.000000 4.000000 0.013323 0.011739 0.963391
823 1032.000000 -10.000000 0.012972 0.012067 0.959693
824 1032.000000 0.000000 0.013892 0.011246 0.968992
825 1031.000000 -1.000000 0.013892 0.011246 0.968992
826 1035.000000 4.000000 0.013993 0.011164 0.969932
827 1035.000000 0.000000 0.013601 0.011492 0.966184
828 1035.000000 0.000000 0.013601 0.011492 0.966184
829 1045.000000 10.000000 0.013601 0.011492 0.966184
830 1040.000000 -5.000000 0.012722 0.012313 0.956938
831 1044.000000 4.000000 0.013144 0.011903 0.961538
832 1038.000000 -6.000000 0.012804 0.012231 0.957854
833 1044.000000 6.000000 0.013323 0.011739 0.963391
834 1044.000000 0.000000 0.012804 0.012231 0.957854
835 1045.000000 1.000000 0.012804 0.012231 0.957854
836 1042.000000 -3.000000 0.012722 0.012313 0.956938
837 1039.000000 -3.000000 0.012972 0.012067 0.959693
838 1045.000000 6.000000 0.013233 0.011821 0.962464
839 1045.000000 0.000000 0.012722 0.012313 0.956938
840 1050.000000 5.000000 0.012722 0.012313 0.956938
841 1049.000000 -1.000000 0.012329 0.012723 0.952381
842 1049.000000 0.000000 0.012405 0.012641 0.953289
843 1044.000000 -5.000000 0.012405 0.012641 0.953289
844 1043.000000 -1.000000 0.012804 0.012231 0.957854
845 1040.000000 -3.000000 0.012887 0.012149 0.958773
846 1038.000000 -2.000000 0.013144 0.011903 0.961538
847 1030.000000 -8.000000 0.013323 0.011739 0.963391
848 1038.000000 8.000000 0.014095 0.011082 0.970874
849 1047.000000 9.000000 0.013323 0.011739 0.963391
850 1047.000000 0.000000 0.012561 0.012477 0.955110
851 1058.000000 11.000000 0.012561 0.012477 0.955110
852 1065.000000 7.000000 0.011756 0.013377 0.945180
853 1065.000000 0.000000 0.011302 0.013949 0.938967
854 1069.000000 4.000000 0.011302 0.013949 0.938967
855 1076.000000 7.000000 0.011061 0.014276 0.935454
856 1068.000000 -8.000000 0.010666 0.014847 0.929368
857 1058.000000 -10.000000 0.011120 0.014194 0.936330
858 1058.000000 0.000000 0.011756 0.013377 0.945180
859 1049.000000 -9.000000 0.011756 0.013377 0.945180
860 1047.000000 -2.000000 0.012405 0.012641 0.953289
861 1050.000000 3.000000 0.012561 0.012477 0.955110
862 1060.000000 10.000000 0.012329 0.012723 0.952381
863 1054.000000 -6.000000 0.011622 0.013541 0.943396
864 1063.000000 9.000000 0.012034 0.013050 0.948767
865 1059.000000 -4.000000 0.011427 0.013786 0.940734
866 1057.000000 -2.000000 0.011688 0.013459 0.944287
867 1051.000000 -6.000000 0.011824 0.013296 0.946074
868 1046.000000 -5.000000 0.012254 0.012805 0.951475
869 1051.000000 5.000000 0.012641 0.012395 0.956023
870 1054.000000 3.000000 0.012254 0.012805 0.951475
871 1053.000000 -1.000000 0.012034 0.013050 0.948767
872 1055.000000 2.000000 0.012107 0.012968 0.949668
873 1058.000000 3.000000 0.011963 0.013132 0.947867
874 1059.000000 1.000000 0.011756 0.013377 0.945180
875 1053.000000 -6.000000 0.011688 0.013459 0.944287
876 1061.000000 8.000000 0.012107 0.012968 0.949668
877 1053.000000 -8.000000 0.011556 0.013623 0.942507
878 1048.000000 -5.000000 0.012107 0.012968 0.949668
879 1053.000000 5.000000 0.012483 0.012559 0.954198
880 1053.000000 0.000000 0.012107 0.012968 0.949668
881 1052.000000 -1.000000 0.012107 0.012968 0.949668
882 1059.000000 7.000000 0.012180 0.012886 0.950570
883 1059.000000 0.000000 0.011688 0.013459 0.944287
884 1056.000000 -3.000000 0.011688 0.013459 0.944287
885 1053.000000 -3.000000 0.011893 0.013214 0.946970
886 1047.000000 -6.000000 0.012107 0.012968 0.949668
887 1047.000000 0.000000 0.012561 0.012477 0.955110
888 1048.000000 1.000000 0.012561 0.012477 0.955110
889 1051.000000 3.000000 0.012483 0.012559 0.954198
890 1047.000000 -4.000000 0.012254 0.012805 0.951475
891 1045.000000 -2.000000 0.012561 0.012477 0.955110
892 1037.000000 -8.000000 0.012722 0.012313 0.956938
893 1034.000000 -3.000000 0.013414 0.011657 0.964320
894 1041.000000 7.000000 0.013696 0.011410 0.967118
895 1050.000000 9.000000 0.013057 0.011985 0.960615
896 1043.000000 -7.000000 0.012329 0.012723 0.952381
897 1050.000000 7.000000 0.012887 0.012149 0.958773
898 1044.000000 -6.000000 0.012329 0.012723 0.952381
899 1050.000000 6.000000 0.012804 0.012231 0.957854
900 1050.000000 0.000000 0.012329 0.012723 0.952381
901 1053.000000 3.000000 0.012329 0.012723 0.952381
902 1047.000000 -6.000000 0.012107 0.012968 0.949668
903 1048.000000 1.000000 0.012561 0.012477 0.955110
904 1050.000000 2.000000 0.012483 0.012559 0.954198
905 1051.000000 1.000000 0.012329 0.012723 0.952381
906 1057.000000 6.000000 0.012254 0.012805 0.951475
907 1060.000000 3.000000 0.011824 0.013296 0.946074
908 1059.000000 -1.000000 0.011622 0.013541 0.943396
909 1055.000000 -4.000000 0.011688 0.013459 0.944287
910 1061.000000 6.000000 0.011963 0.013132 0.947867
911 1056.000000 -5.000000 0.011556 0.013623 0.942507
912 1059.000000 3.000000 0.011893 0.013214 0.946970
913 1063.000000 4.000000 0.011688 0.013459 0.944287
914 1052.000000 -11.000000 0.011427 0.013786 0.940734
915 1051.000000 -1.000000 0.012180 0.012886 0.950570
916 1057.000000 6.000000 0.012254 0.012805 0.951475
917 1066.000000 9.000000 0.011824 0.013296 0.946074
918 1061.000000 -5.000000 0.011241 0.014031 0.938086
919 1069.000000 8.000000 0.011556 0.013623 0.942507
920 1064.000000 -5.000000 0.011061 0.014276 0.935454
921 1059.000000 -5.000000 0.011364 0.013868 0.939850
922 1066.000000 7.000000 0.011688 0.013459 0.944287
923 1075.000000 9.000000 0.011241 0.014031 0.938086
924 1078.000000 3.000000 0.010721 0.014765 0.930233
925 1071.000000 -7.000000 0.010560 0.015010 0.927644
926 1067.000000 -4.000000 0.010945 0.014439 0.933707
927 1072.000000 5.000000 0.011180 0.014113 0.937207
928 1058.000000 -14.000000 0.010888 0.014521 0.932836
929 1064.000000 6.000000 0.011756 0.013377 0.945180
930 1063.000000 -1.000000 0.011364 0.013868 0.939850
931 1066.000000 3.000000 0.011427 0.013786 0.940734
932 1061.000000 -5.000000 0.011241 0.014031 0.938086
933 1058.000000 -3.000000 0.011556 0.013623 0.942507
934 1046.000000 -12.000000 0.011756 0.013377 0.945180
935 1047.000000 1.000000 0.012641 0.012395 0.956023
936 1054.000000 7.000000 0.012561 0.012477 0.955110
937 1050.000000 -4.000000 0.012034 0.013050 0.948767
938 1051.000000 1.000000 0.012329 0.012723 0.952381
939 1058.000000 7.000000 0.012254 0.012805 0.951475
940 1059.000000 1.000000 0.011756 0.013377 0.945180
941 1060.000000 1.000000 0.011688 0.013459 0.944287
942 1060.000000 0.000000 0.011622 0.013541 0.943396
943 1062.000000 2.000000 0.011622 0.013541 0.943396
944 1056.000000 -6.000000 0.011491 0.013704 0.941620
945 1056.000000 0.000000 0.011893 0.013214 0.946970
946 1058.000000 2.000000 0.011893 0.013214 0.946970
947 1049.000000 -9.000000 0.011756 0.013377 0.945180
948 1050.000000 1.000000 0.012405 0.012641 0.953289
949 1047.000000 -3.000000 0.012329 0.012723 0.952381
950 1051.000000 4.000000 0.012561 0.012477 0.955110
951 1058.000000 7.000000 0.012254 0.012805 0.951475
952 1055.000000 -3.000000 0.011756 0.013377 0.945180
953 1059.000000 4.000000 0.011963 0.013132 0.947867
954 1063.000000 4.000000 0.011688 0.013459 0.944287
955 1062.000000 -1.000000 0.011427 0.013786 0.940734
956 1059.000000 -3.000000 0.011491 0.013704 0.941620
957 1058.000000 -1.000000 0.011688 0.013459 0.944287
958 1058.000000 0.000000 0.011756 0.013377 0.945180
959 1050.000000 -8.000000 0.011756 0.013377 0.945180
960 1053.000000 3.000000 0.012329 0.012723 0.952381
961 1064.000000 11.000000 0.012107 0.012968 0.949668
962 1061.000000 -3.000000 0.011364 0.013868 0.939850
963 1059.000000 -2.000000 0.011556 0.013623 0.942507
964 1063.000000 4.000000 0.011688 0.013459 0.944287
965 1062.000000 -1.000000 0.011427 0.013786 0.940734
966 1055.000000 -7.000000 0.011491 0.013704 0.941620
967 1055.000000 0.000000 0.011963 0.013132 0.947867
968 1052.000000 -3.000000 0.011963 0.013132 0.947867
969 1042.000000 -10.000000 0.012180 0.012886 0.950570
970 1048.000000 6.000000 0.012972 0.012067 0.959693
971 1051.000000 3.000000 0.012483 0.012559 0.954198
972 1049.000000 -2.000000 0.012254 0.012805 0.951475
973 1043.000000 -6.000000 0.012405 0.012641 0.953289
974 1034.000000 -9.000000 0.012887 0.012149 0.958773
975 1040.000000 6.000000 0.013696 0.011410 0.967118
976 1043.000000 3.000000 0.013144 0.011903 0.961538
977 1040.000000 -3.000000 0.012887 0.012149 0.958773
978 1036.000000 -4.000000 0.013144 0.011903 0.961538
979 1049.000000 13.000000 0.013507 0.011575 0.965251
980 1040.000000 -9.000000 0.012405 0.012641 0.953289
981 1046.000000 6.000000 0.013144 0.011903 0.961538
982 1049.000000 3.000000 0.012641 0.012395 0.956023
983 1046.000000 -3.000000 0.012405 0.012641 0.953289
984 1046.000000 0.000000 0.012641 0.012395 0.956023
985 1056.000000 10.000000 0.012641 0.012395 0.956023
986 1059.000000 3.000000 0.011893 0.013214 0.946970
987 1062.000000 3.000000 0.011688 0.013459 0.944287
988 1069.000000 7.000000 0.011491 0.013704 0.941620
989 1063.000000 -6.000000 0.011061 0.014276 0.935454
990 1055.000000 -8.000000 0.011427 0.013786 0.940734
991 1059.000000 4.000000 0.011963 0.013132 0.947867
992 1065.000000 6.000000 0.011688 0.013459 0.944287
993 1055.000000 -10.000000 0.011302 0.013949 0.938967
994 1061.000000 6.000000 0.011963 0.013132 0.947867
995 1058.000000 -3.000000 0.011556 0.013623 0.942507
996 1059.000000 1.000000 0.011756 0.013377 0.945180
997 1060.000000 1.000000 0.011688 0.013459 0.944287
998 1050.000000 -10.000000 0.011622 0.013541 0.943396
999 1049.000000 -1.000000 0.012329 0.012723 0.952381
