0 498.000000 -2.000000 0.018200 0.007700 2.000000
1 504.000000 6.000000 0.018200 0.007700 2.008032
2 510.000000 6.000000 0.018200 0.007700 1.984127
3 518.000000 8.000000 0.018200 0.007700 1.960784
4 530.000000 12.000000 0.018200 0.007700 1.930502
5 543.000000 13.000000 0.018200 0.007700 1.886792
6 547.000000 4.000000 0.018200 0.007700 1.841621
7 552.000000 5.000000 0.018200 0.007700 1.828154
8 556.000000 4.000000 0.018200 0.007700 1.811594
9 564.000000 8.000000 0.018200 0.007700 1.798561
10 570.000000 6.000000 0.018200 0.007700 1.773050
11 583.000000 13.000000 0.018200 0.007700 1.754386
12 590.000000 7.000000 0.018200 0.007700 1.715266
13 586.000000 -4.000000 0.018200 0.007700 1.694915
14 591.000000 5.000000 0.018200 0.007700 1.706485
15 602.000000 11.000000 0.018200 0.007700 1.692047
16 609.000000 7.000000 0.018200 0.007700 1.661130
17 610.000000 1.000000 0.018200 0.007700 1.642036
18 612.000000 2.000000 0.018200 0.007700 1.639344
19 616.000000 4.000000 0.018200 0.007700 1.633987
20 623.000000 7.000000 0.018200 0.007700 1.623377
21 634.000000 11.000000 0.018200 0.007700 1.605136
22 636.000000 2.000000 0.018200 0.007700 1.577287
23 644.000000 8.000000 0.018200 0.007700 1.572327
24 649.000000 5.000000 0.018200 0.007700 1.552795
25 655.000000 6.000000 0.018200 0.007700 1.540832
26 659.000000 4.000000 0.018200 0.007700 1.526718
27 665.000000 6.000000 0.018200 0.007700 1.517451
28 669.000000 4.000000 0.018200 0.007700 1.503759
29 672.000000 3.000000 0.018200 0.007700 1.494768
30 684.000000 12.000000 0.018200 0.007700 1.488095
31 700.000000 16.000000 0.018200 0.007700 1.461988
32 706.000000 6.000000 0.018200 0.007700 1.428571
33 713.000000 7.000000 0.018200 0.007700 1.416431
34 717.000000 4.000000 0.018200 0.007700 1.402525
35 730.000000 13.000000 0.018200 0.007700 1.394700
36 739.000000 9.000000 0.018200 0.007700 1.369863
37 749.000000 10.000000 0.018200 0.007700 1.353180
38 752.000000 3.000000 0.018200 0.007700 1.335113
39 763.000000 11.000000 0.018200 0.007700 1.329787
40 772.000000 9.000000 0.018200 0.007700 1.310616
41 786.000000 14.000000 0.018200 0.007700 1.295337
42 792.000000 6.000000 0.018200 0.007700 1.272265
43 806.000000 14.000000 0.018200 0.007700 1.262626
44 817.000000 11.000000 0.018200 0.007700 1.240695
45 826.000000 9.000000 0.018200 0.007700 1.223990
46 835.000000 9.000000 0.018200 0.007700 1.210654
47 843.000000 8.000000 0.018200 0.007700 1.197605
48 845.000000 2.000000 0.018200 0.007700 1.186240
49 850.000000 5.000000 0.018200 0.007700 1.183432
50 858.000000 8.000000 0.018200 0.007700 1.176471
51 863.000000 5.000000 0.018200 0.007700 1.165501
52 885.000000 22.000000 0.018200 0.007700 1.158749
53 897.000000 12.000000 0.018200 0.007700 1.129944
54 907.000000 10.000000 0.018200 0.007700 1.114827
55 927.000000 20.000000 0.018200 0.007700 1.102536
56 937.000000 10.000000 0.018200 0.007700 1.078749
57 949.000000 12.000000 0.018200 0.007700 1.067236
58 954.000000 5.000000 0.018200 0.007700 1.053741
59 953.000000 -1.000000 0.018200 0.007700 1.048218
60 951.000000 -2.000000 0.018200 0.007700 1.049318
61 961.000000 10.000000 0.018200 0.007700 1.051525
62 979.000000 18.000000 0.018200 0.007700 1.040583
63 988.000000 9.000000 0.018200 0.007700 1.021450
64 996.000000 8.000000 0.018200 0.007700 1.012146
65 1004.000000 8.000000 0.018200 0.007700 1.004016
66 1016.000000 12.000000 0.017503 0.008940 0.996016
67 1020.000000 4.000000 0.015724 0.009929 0.984252
68 1019.000000 -1.000000 0.015216 0.010259 0.980392
69 1020.000000 1.000000 0.015340 0.010177 0.981354
70 1022.000000 2.000000 0.015216 0.010259 0.980392
71 1020.000000 -2.000000 0.014976 0.010424 0.978474
72 1027.000000 7.000000 0.015216 0.010259 0.980392
73 1029.000000 2.000000 0.014411 0.010835 0.973710
74 1027.000000 -2.000000 0.014198 0.010999 0.971817
75 1036.000000 9.000000 0.014411 0.010835 0.973710
76 1033.000000 -3.000000 0.013507 0.011575 0.965251
77 1027.000000 -6.000000 0.013794 0.011328 0.968054
78 1034.000000 7.000000 0.014411 0.010835 0.973710
79 1037.000000 3.000000 0.013696 0.011410 0.967118
80 1034.000000 -3.000000 0.013414 0.011657 0.964320
81 1035.000000 1.000000 0.013696 0.011410 0.967118
82 1039.000000 4.000000 0.013601 0.011492 0.966184
83 1029.000000 -10.000000 0.013233 0.011821 0.962464
84 1032.000000 3.000000 0.014198 0.010999 0.971817
85 1033.000000 1.000000 0.013892 0.011246 0.968992
86 1026.000000 -7.000000 0.013794 0.011328 0.968054
87 1016.000000 -10.000000 0.014520 0.010753 0.974659
88 1017.000000 1.000000 0.015724 0.009929 0.984252
89 1026.000000 9.000000 0.015593 0.010012 0.983284
90 1025.000000 -1.000000 0.014520 0.010753 0.974659
91 1035.000000 10.000000 0.014631 0.010671 0.975610
92 1039.000000 4.000000 0.013601 0.011492 0.966184
93 1045.000000 6.000000 0.013233 0.011821 0.962464
94 1050.000000 5.000000 0.012722 0.012313 0.956938
95 1052.000000 2.000000 0.012329 0.012723 0.952381
96 1062.000000 10.000000 0.012180 0.012886 0.950570
97 1059.000000 -3.000000 0.011491 0.013704 0.941620
98 1060.000000 1.000000 0.011688 0.013459 0.944287
99 1067.000000 7.000000 0.011622 0.013541 0.943396
100 1063.000000 -4.000000 0.011180 0.014113 0.937207
101 1068.000000 5.000000 0.011427 0.013786 0.940734
102 1065.000000 -3.000000 0.011120 0.014194 0.936330
103 1062.000000 -3.000000 0.011302 0.013949 0.938967
104 1052.000000 -10.000000 0.011491 0.013704 0.941620
105 1056.000000 4.000000 0.012180 0.012886 0.950570
106 1053.000000 -3.000000 0.011893 0.013214 0.946970
107 1060.000000 7.000000 0.012107 0.012968 0.949668
108 1057.000000 -3.000000 0.011622 0.013541 0.943396
109 1054.000000 -3.000000 0.011824 0.013296 0.946074
110 1048.000000 -6.000000 0.012034 0.013050 0.948767
111 1048.000000 0.000000 0.012483 0.012559 0.954198
112 1048.000000 0.000000 0.012483 0.012559 0.954198
113 1047.000000 -1.000000 0.012483 0.012559 0.954198
114 1049.000000 2.000000 0.012561 0.012477 0.955110
115 1047.000000 -2.000000 0.012405 0.012641 0.953289
116 1051.000000 4.000000 0.012561 0.012477 0.955110
117 1049.000000 -2.000000 0.012254 0.012805 0.951475
118 1056.000000 7.000000 0.012405 0.012641 0.953289
119 1055.000000 -1.000000 0.011893 0.013214 0.946970
120 1047.000000 -8.000000 0.011963 0.013132 0.947867
121 1050.000000 3.000000 0.012561 0.012477 0.955110
122 1050.000000 0.000000 0.012329 0.012723 0.952381
123 1049.000000 -1.000000 0.012329 0.012723 0.952381
124 1049.000000 0.000000 0.012405 0.012641 0.953289
125 1067.000000 18.000000 0.012405 0.012641 0.953289
126 1061.000000 -6.000000 0.011180 0.014113 0.937207
127 1058.000000 -3.000000 0.011556 0.013623 0.942507
128 1062.000000 4.000000 0.011756 0.013377 0.945180
129 1059.000000 -3.000000 0.011491 0.013704 0.941620
130 1063.000000 4.000000 0.011688 0.013459 0.944287
131 1060.000000 -3.000000 0.011427 0.013786 0.940734
132 1055.000000 -5.000000 0.011622 0.013541 0.943396
133 1060.000000 5.000000 0.011963 0.013132 0.947867
134 1065.000000 5.000000 0.011622 0.013541 0.943396
135 1071.000000 6.000000 0.011302 0.013949 0.938967
136 1071.000000 0.000000 0.010945 0.014439 0.933707
137 1074.000000 3.000000 0.010945 0.014439 0.933707
138 1068.000000 -6.000000 0.010776 0.014684 0.931099
139 1059.000000 -9.000000 0.011120 0.014194 0.936330
140 1066.000000 7.000000 0.011688 0.013459 0.944287
141 1067.000000 1.000000 0.011241 0.014031 0.938086
142 1070.000000 3.000000 0.011180 0.014113 0.937207
143 1063.000000 -7.000000 0.011002 0.014358 0.934579
144 1058.000000 -5.000000 0.011427 0.013786 0.940734
145 1058.000000 0.000000 0.011756 0.013377 0.945180
146 1053.000000 -5.000000 0.011756 0.013377 0.945180
147 1048.000000 -5.000000 0.012107 0.012968 0.949668
148 1055.000000 7.000000 0.012483 0.012559 0.954198
149 1053.000000 -2.000000 0.011963 0.013132 0.947867
150 1046.000000 -7.000000 0.012107 0.012968 0.949668
151 1051.000000 5.000000 0.012641 0.012395 0.956023
152 1045.000000 -6.000000 0.012254 0.012805 0.951475
153 1039.000000 -6.000000 0.012722 0.012313 0.956938
154 1046.000000 7.000000 0.013233 0.011821 0.962464
155 1043.000000 -3.000000 0.012641 0.012395 0.956023
156 1038.000000 -5.000000 0.012887 0.012149 0.958773
157 1036.000000 -2.000000 0.013323 0.011739 0.963391
158 1042.000000 6.000000 0.013507 0.011575 0.965251
159 1049.000000 7.000000 0.012972 0.012067 0.959693
160 1046.000000 -3.000000 0.012405 0.012641 0.953289
161 1049.000000 3.000000 0.012641 0.012395 0.956023
162 1050.000000 1.000000 0.012405 0.012641 0.953289
163 1059.000000 9.000000 0.012329 0.012723 0.952381
164 1064.000000 5.000000 0.011688 0.013459 0.944287
165 1055.000000 -9.000000 0.011364 0.013868 0.939850
166 1047.000000 -8.000000 0.011963 0.013132 0.947867
167 1050.000000 3.000000 0.012561 0.012477 0.955110
168 1051.000000 1.000000 0.012329 0.012723 0.952381
169 1049.000000 -2.000000 0.012254 0.012805 0.951475
170 1049.000000 0.000000 0.012405 0.012641 0.953289
171 1046.000000 -3.000000 0.012405 0.012641 0.953289
172 1043.000000 -3.000000 0.012641 0.012395 0.956023
173 1042.000000 -1.000000 0.012887 0.012149 0.958773
174 1048.000000 6.000000 0.012972 0.012067 0.959693
175 1048.000000 0.000000 0.012483 0.012559 0.954198
176 1049.000000 1.000000 0.012483 0.012559 0.954198
177 1051.000000 2.000000 0.012405 0.012641 0.953289
178 1057.000000 6.000000 0.012254 0.012805 0.951475
179 1051.000000 -6.000000 0.011824 0.013296 0.946074
180 1043.000000 -8.000000 0.012254 0.012805 0.951475
181 1043.000000 0.000000 0.012887 0.012149 0.958773
182 1048.000000 5.000000 0.012887 0.012149 0.958773
183 1044.000000 -4.000000 0.012483 0.012559 0.954198
184 1038.000000 -6.000000 0.012804 0.012231 0.957854
185 1042.000000 4.000000 0.013323 0.011739 0.963391
186 1038.000000 -4.000000 0.012972 0.012067 0.959693
187 1039.000000 1.000000 0.013323 0.011739 0.963391
188 1036.000000 -3.000000 0.013233 0.011821 0.962464
189 1045.000000 9.000000 0.013507 0.011575 0.965251
190 1044.000000 -1.000000 0.012722 0.012313 0.956938
191 1048.000000 4.000000 0.012804 0.012231 0.957854
192 1050.000000 2.000000 0.012483 0.012559 0.954198
193 1062.000000 12.000000 0.012329 0.012723 0.952381
194 1057.000000 -5.000000 0.011491 0.013704 0.941620
195 1052.000000 -5.000000 0.011824 0.013296 0.946074
196 1054.000000 2.000000 0.012180 0.012886 0.950570
197 1049.000000 -5.000000 0.012034 0.013050 0.948767
198 1050.000000 1.000000 0.012405 0.012641 0.953289
199 1055.000000 5.000000 0.012329 0.012723 0.952381
200 1048.000000 -7.000000 0.011963 0.013132 0.947867
201 1047.000000 -1.000000 0.012483 0.012559 0.954198
202 1057.000000 10.000000 0.012561 0.012477 0.955110
203 1055.000000 -2.000000 0.011824 0.013296 0.946074
204 1059.000000 4.000000 0.011963 0.013132 0.947867
205 1058.000000 -1.000000 0.011688 0.013459 0.944287
206 1058.000000 0.000000 0.011756 0.013377 0.945180
207 1053.000000 -5.000000 0.011756 0.013377 0.945180
208 1046.000000 -7.000000 0.012107 0.012968 0.949668
209 1053.000000 7.000000 0.012641 0.012395 0.956023
210 1054.000000 1.000000 0.012107 0.012968 0.949668
211 1065.000000 11.000000 0.012034 0.013050 0.948767
212 1057.000000 -8.000000 0.011302 0.013949 0.938967
213 1053.000000 -4.000000 0.011824 0.013296 0.946074
214 1060.000000 7.000000 0.012107 0.012968 0.949668
215 1052.000000 -8.000000 0.011622 0.013541 0.943396
216 1048.000000 -4.000000 0.012180 0.012886 0.950570
217 1050.000000 2.000000 0.012483 0.012559 0.954198
218 1059.000000 9.000000 0.012329 0.012723 0.952381
219 1049.000000 -10.000000 0.011688 0.013459 0.944287
220 1045.000000 -4.000000 0.012405 0.012641 0.953289
221 1050.000000 5.000000 0.012722 0.012313 0.956938
222 1046.000000 -4.000000 0.012329 0.012723 0.952381
223 1043.000000 -3.000000 0.012641 0.012395 0.956023
224 1040.000000 -3.000000 0.012887 0.012149 0.958773
225 1049.000000 9.000000 0.013144 0.011903 0.961538
226 1051.000000 2.000000 0.012405 0.012641 0.953289
227 1050.000000 -1.000000 0.012254 0.012805 0.951475
228 1041.000000 -9.000000 0.012329 0.012723 0.952381
229 1038.000000 -3.000000 0.013057 0.011985 0.960615
230 1042.000000 4.000000 0.013323 0.011739 0.963391
231 1045.000000 3.000000 0.012972 0.012067 0.959693
232 1049.000000 4.000000 0.012722 0.012313 0.956938
233 1050.000000 1.000000 0.012405 0.012641 0.953289
234 1042.000000 -8.000000 0.012329 0.012723 0.952381
235 1037.000000 -5.000000 0.012972 0.012067 0.959693
236 1039.000000 2.000000 0.013414 0.011657 0.964320
237 1045.000000 6.000000 0.013233 0.011821 0.962464
238 1048.000000 3.000000 0.012722 0.012313 0.956938
239 1028.000000 -20.000000 0.012483 0.012559 0.954198
240 1026.000000 -2.000000 0.014304 0.010917 0.972763
241 1035.000000 9.000000 0.014520 0.010753 0.974659
242 1022.000000 -13.000000 0.013601 0.011492 0.966184
243 1022.000000 0.000000 0.014976 0.010424 0.978474
244 1023.000000 1.000000 0.014976 0.010424 0.978474
245 1038.000000 15.000000 0.014859 0.010506 0.977517
246 1037.000000 -1.000000 0.013323 0.011739 0.963391
247 1040.000000 3.000000 0.013414 0.011657 0.964320
248 1038.000000 -2.000000 0.013144 0.011903 0.961538
249 1035.000000 -3.000000 0.013323 0.011739 0.963391
250 1044.000000 9.000000 0.013601 0.011492 0.966184
251 1042.000000 -2.000000 0.012804 0.012231 0.957854
252 1040.000000 -2.000000 0.012972 0.012067 0.959693
253 1036.000000 -4.000000 0.013144 0.011903 0.961538
254 1033.000000 -3.000000 0.013507 0.011575 0.965251
255 1034.000000 1.000000 0.013794 0.011328 0.968054
256 1038.000000 4.000000 0.013696 0.011410 0.967118
257 1036.000000 -2.000000 0.013323 0.011739 0.963391
258 1039.000000 3.000000 0.013507 0.011575 0.965251
259 1034.000000 -5.000000 0.013233 0.011821 0.962464
260 1034.000000 0.000000 0.013696 0.011410 0.967118
261 1035.000000 1.000000 0.013696 0.011410 0.967118
262 1036.000000 1.000000 0.013601 0.011492 0.966184
263 1037.000000 1.000000 0.013507 0.011575 0.965251
264 1046.000000 9.000000 0.013414 0.011657 0.964320
265 1038.000000 -8.000000 0.012641 0.012395 0.956023
266 1042.000000 4.000000 0.013323 0.011739 0.963391
267 1041.000000 -1.000000 0.012972 0.012067 0.959693
268 1041.000000 0.000000 0.013057 0.011985 0.960615
269 1037.000000 -4.000000 0.013057 0.011985 0.960615
270 1037.000000 0.000000 0.013414 0.011657 0.964320
271 1041.000000 4.000000 0.013414 0.011657 0.964320
272 1046.000000 5.000000 0.013057 0.011985 0.960615
273 1050.000000 4.000000 0.012641 0.012395 0.956023
274 1051.000000 1.000000 0.012329 0.012723 0.952381
275 1052.000000 1.000000 0.012254 0.012805 0.951475
276 1045.000000 -7.000000 0.012180 0.012886 0.950570
277 1052.000000 7.000000 0.012722 0.012313 0.956938
278 1046.000000 -6.000000 0.012180 0.012886 0.950570
279 1032.000000 -14.000000 0.012641 0.012395 0.956023
280 1030.000000 -2.000000 0.013892 0.011246 0.968992
281 1032.000000 2.000000 0.014095 0.011082 0.970874
282 1040.000000 8.000000 0.013892 0.011246 0.968992
283 1039.000000 -1.000000 0.013144 0.011903 0.961538
284 1043.000000 4.000000 0.013233 0.011821 0.962464
285 1051.000000 8.000000 0.012887 0.012149 0.958773
286 1051.000000 0.000000 0.012254 0.012805 0.951475
287 1046.000000 -5.000000 0.012254 0.012805 0.951475
288 1049.000000 3.000000 0.012641 0.012395 0.956023
289 1058.000000 9.000000 0.012405 0.012641 0.953289
290 1064.000000 6.000000 0.011756 0.013377 0.945180
291 1063.000000 -1.000000 0.011364 0.013868 0.939850
292 1070.000000 7.000000 0.011427 0.013786 0.940734
293 1061.000000 -9.000000 0.011002 0.014358 0.934579
294 1062.000000 1.000000 0.011556 0.013623 0.942507
295 1052.000000 -10.000000 0.011491 0.013704 0.941620
296 1054.000000 2.000000 0.012180 0.012886 0.950570
297 1058.000000 4.000000 0.012034 0.013050 0.948767
298 1050.000000 -8.000000 0.011756 0.013377 0.945180
299 1053.000000 3.000000 0.012329 0.012723 0.952381
300 1046.000000 -7.000000 0.012107 0.012968 0.949668
301 1036.000000 -10.000000 0.012641 0.012395 0.956023
302 1040.000000 4.000000 0.013507 0.011575 0.965251
303 1042.000000 2.000000 0.013144 0.011903 0.961538
304 1037.000000 -5.000000 0.012972 0.012067 0.959693
305 1036.000000 -1.000000 0.013414 0.011657 0.964320
306 1043.000000 7.000000 0.013507 0.011575 0.965251
307 1043.000000 0.000000 0.012887 0.012149 0.958773
308 1038.000000 -5.000000 0.012887 0.012149 0.958773
309 1044.000000 6.000000 0.013323 0.011739 0.963391
310 1050.000000 6.000000 0.012804 0.012231 0.957854
311 1044.000000 -6.000000 0.012329 0.012723 0.952381
312 1048.000000 4.000000 0.012804 0.012231 0.957854
313 1045.000000 -3.000000 0.012483 0.012559 0.954198
314 1044.000000 -1.000000 0.012722 0.012313 0.956938
315 1047.000000 3.000000 0.012804 0.012231 0.957854
316 1050.000000 3.000000 0.012561 0.012477 0.955110
317 1062.000000 12.000000 0.012329 0.012723 0.952381
318 1052.000000 -10.000000 0.011491 0.013704 0.941620
319 1054.000000 2.000000 0.012180 0.012886 0.950570
320 1052.000000 -2.000000 0.012034 0.013050 0.948767
321 1059.000000 7.000000 0.012180 0.012886 0.950570
322 1054.000000 -5.000000 0.011688 0.013459 0.944287
323 1057.000000 3.000000 0.012034 0.013050 0.948767
324 1057.000000 0.000000 0.011824 0.013296 0.946074
325 1054.000000 -3.000000 0.011824 0.013296 0.946074
326 1048.000000 -6.000000 0.012034 0.013050 0.948767
327 1053.000000 5.000000 0.012483 0.012559 0.954198
328 1046.000000 -7.000000 0.012107 0.012968 0.949668
329 1054.000000 8.000000 0.012641 0.012395 0.956023
330 1053.000000 -1.000000 0.012034 0.013050 0.948767
331 1060.000000 7.000000 0.012107 0.012968 0.949668
332 1051.000000 -9.000000 0.011622 0.013541 0.943396
333 1053.000000 2.000000 0.012254 0.012805 0.951475
334 1057.000000 4.000000 0.012107 0.012968 0.949668
335 1056.000000 -1.000000 0.011824 0.013296 0.946074
336 1051.000000 -5.000000 0.011893 0.013214 0.946970
337 1042.000000 -9.000000 0.012254 0.012805 0.951475
338 1039.000000 -3.000000 0.012972 0.012067 0.959693
339 1038.000000 -1.000000 0.013233 0.011821 0.962464
340 1036.000000 -2.000000 0.013323 0.011739 0.963391
341 1032.000000 -4.000000 0.013507 0.011575 0.965251
342 1036.000000 4.000000 0.013892 0.011246 0.968992
343 1032.000000 -4.000000 0.013507 0.011575 0.965251
344 1030.000000 -2.000000 0.013892 0.011246 0.968992
345 1037.000000 7.000000 0.014095 0.011082 0.970874
346 1034.000000 -3.000000 0.013414 0.011657 0.964320
347 1038.000000 4.000000 0.013696 0.011410 0.967118
348 1041.000000 3.000000 0.013323 0.011739 0.963391
349 1040.000000 -1.000000 0.013057 0.011985 0.960615
350 1042.000000 2.000000 0.013144 0.011903 0.961538
351 1038.000000 -4.000000 0.012972 0.012067 0.959693
352 1036.000000 -2.000000 0.013323 0.011739 0.963391
353 1033.000000 -3.000000 0.013507 0.011575 0.965251
354 1036.000000 3.000000 0.013794 0.011328 0.968054
355 1038.000000 2.000000 0.013507 0.011575 0.965251
356 1044.000000 6.000000 0.013323 0.011739 0.963391
357 1038.000000 -6.000000 0.012804 0.012231 0.957854
358 1039.000000 1.000000 0.013323 0.011739 0.963391
359 1035.000000 -4.000000 0.013233 0.011821 0.962464
360 1032.000000 -3.000000 0.013601 0.011492 0.966184
361 1045.000000 13.000000 0.013892 0.011246 0.968992
362 1045.000000 0.000000 0.012722 0.012313 0.956938
363 1041.000000 -4.000000 0.012722 0.012313 0.956938
364 1038.000000 -3.000000 0.013057 0.011985 0.960615
365 1037.000000 -1.000000 0.013323 0.011739 0.963391
366 1042.000000 5.000000 0.013414 0.011657 0.964320
367 1043.000000 1.000000 0.012972 0.012067 0.959693
368 1043.000000 0.000000 0.012887 0.012149 0.958773
369 1037.000000 -6.000000 0.012887 0.012149 0.958773
370 1035.000000 -2.000000 0.013414 0.011657 0.964320
371 1048.000000 13.000000 0.013601 0.011492 0.966184
372 1052.000000 4.000000 0.012483 0.012559 0.954198
373 1056.000000 4.000000 0.012180 0.012886 0.950570
374 1050.000000 -6.000000 0.011893 0.013214 0.946970
375 1055.000000 5.000000 0.012329 0.012723 0.952381
376 1046.000000 -9.000000 0.011963 0.013132 0.947867
377 1042.000000 -4.000000 0.012641 0.012395 0.956023
378 1057.000000 15.000000 0.012972 0.012067 0.959693
379 1059.000000 2.000000 0.011824 0.013296 0.946074
380 1062.000000 3.000000 0.011688 0.013459 0.944287
381 1066.000000 4.000000 0.011491 0.013704 0.941620
382 1067.000000 1.000000 0.011241 0.014031 0.938086
383 1062.000000 -5.000000 0.011180 0.014113 0.937207
384 1058.000000 -4.000000 0.011491 0.013704 0.941620
385 1055.000000 -3.000000 0.011756 0.013377 0.945180
386 1062.000000 7.000000 0.011963 0.013132 0.947867
387 1052.000000 -10.000000 0.011491 0.013704 0.941620
388 1049.000000 -3.000000 0.012180 0.012886 0.950570
389 1043.000000 -6.000000 0.012405 0.012641 0.953289
390 1044.000000 1.000000 0.012887 0.012149 0.958773
391 1047.000000 3.000000 0.012804 0.012231 0.957854
392 1048.000000 1.000000 0.012561 0.012477 0.955110
393 1039.000000 -9.000000 0.012483 0.012559 0.954198
394 1037.000000 -2.000000 0.013233 0.011821 0.962464
395 1036.000000 -1.000000 0.013414 0.011657 0.964320
396 1037.000000 1.000000 0.013507 0.011575 0.965251
397 1035.000000 -2.000000 0.013414 0.011657 0.964320
398 1033.000000 -2.000000 0.013601 0.011492 0.966184
399 1038.000000 5.000000 0.013794 0.011328 0.968054
400 1036.000000 -2.000000 0.013323 0.011739 0.963391
401 1037.000000 1.000000 0.013507 0.011575 0.965251
402 1029.000000 -8.000000 0.013414 0.011657 0.964320
403 1033.000000 4.000000 0.014198 0.010999 0.971817
404 1040.000000 7.000000 0.013794 0.011328 0.968054
405 1054.000000 14.000000 0.013144 0.011903 0.961538
406 1055.000000 1.000000 0.012034 0.013050 0.948767
407 1058.000000 3.000000 0.011963 0.013132 0.947867
408 1056.000000 -2.000000 0.011756 0.013377 0.945180
409 1052.000000 -4.000000 0.011893 0.013214 0.946970
410 1058.000000 6.000000 0.012180 0.012886 0.950570
411 1054.000000 -4.000000 0.011756 0.013377 0.945180
412 1055.000000 1.000000 0.012034 0.013050 0.948767
413 1054.000000 -1.000000 0.011963 0.013132 0.947867
414 1058.000000 4.000000 0.012034 0.013050 0.948767
415 1049.000000 -9.000000 0.011756 0.013377 0.945180
416 1045.000000 -4.000000 0.012405 0.012641 0.953289
417 1054.000000 9.000000 0.012722 0.012313 0.956938
418 1050.000000 -4.000000 0.012034 0.013050 0.948767
419 1051.000000 1.000000 0.012329 0.012723 0.952381
420 1058.000000 7.000000 0.012254 0.012805 0.951475
421 1052.000000 -6.000000 0.011756 0.013377 0.945180
422 1048.000000 -4.000000 0.012180 0.012886 0.950570
423 1042.000000 -6.000000 0.012483 0.012559 0.954198
424 1047.000000 5.000000 0.012972 0.012067 0.959693
425 1039.000000 -8.000000 0.012561 0.012477 0.955110
426 1044.000000 5.000000 0.013233 0.011821 0.962464
427 1048.000000 4.000000 0.012804 0.012231 0.957854
428 1048.000000 0.000000 0.012483 0.012559 0.954198
429 1053.000000 5.000000 0.012483 0.012559 0.954198
430 1053.000000 0.000000 0.012107 0.012968 0.949668
431 1057.000000 4.000000 0.012107 0.012968 0.949668
432 1056.000000 -1.000000 0.011824 0.013296 0.946074
433 1042.000000 -14.000000 0.011893 0.013214 0.946970
434 1041.000000 -1.000000 0.012972 0.012067 0.959693
435 1042.000000 1.000000 0.013057 0.011985 0.960615
436 1044.000000 2.000000 0.012972 0.012067 0.959693
437 1046.000000 2.000000 0.012804 0.012231 0.957854
438 1046.000000 0.000000 0.012641 0.012395 0.956023
439 1045.000000 -1.000000 0.012641 0.012395 0.956023
440 1041.000000 -4.000000 0.012722 0.012313 0.956938
441 1040.000000 -1.000000 0.013057 0.011985 0.960615
442 1041.000000 1.000000 0.013144 0.011903 0.961538
443 1051.000000 10.000000 0.013057 0.011985 0.960615
444 1059.000000 8.000000 0.012254 0.012805 0.951475
445 1058.000000 -1.000000 0.011688 0.013459 0.944287
446 1049.000000 -9.000000 0.011756 0.013377 0.945180
447 1047.000000 -2.000000 0.012405 0.012641 0.953289
448 1044.000000 -3.000000 0.012561 0.012477 0.955110
449 1049.000000 5.000000 0.012804 0.012231 0.957854
450 1049.000000 0.000000 0.012405 0.012641 0.953289
451 1044.000000 -5.000000 0.012405 0.012641 0.953289
452 1042.000000 -2.000000 0.012804 0.012231 0.957854
453 1038.000000 -4.000000 0.012972 0.012067 0.959693
454 1040.000000 2.000000 0.013323 0.011739 0.963391
455 1041.000000 1.000000 0.013144 0.011903 0.961538
456 1045.000000 4.000000 0.013057 0.011985 0.960615
457 1043.000000 -2.000000 0.012722 0.012313 0.956938
458 1046.000000 3.000000 0.012887 0.012149 0.958773
459 1046.000000 0.000000 0.012641 0.012395 0.956023
460 1049.000000 3.000000 0.012641 0.012395 0.956023
461 1040.000000 -9.000000 0.012405 0.012641 0.953289
462 1036.000000 -4.000000 0.013144 0.011903 0.961538
463 1047.000000 11.000000 0.013507 0.011575 0.965251
464 1046.000000 -1.000000 0.012561 0.012477 0.955110
465 1046.000000 0.000000 0.012641 0.012395 0.956023
466 1044.000000 -2.000000 0.012641 0.012395 0.956023
467 1043.000000 -1.000000 0.012804 0.012231 0.957854
468 1046.000000 3.000000 0.012887 0.012149 0.958773
469 1037.000000 -9.000000 0.012641 0.012395 0.956023
470 1037.000000 0.000000 0.013414 0.011657 0.964320
471 1033.000000 -4.000000 0.013414 0.011657 0.964320
472 1035.000000 2.000000 0.013794 0.011328 0.968054
473 1034.000000 -1.000000 0.013601 0.011492 0.966184
474 1034.000000 0.000000 0.013696 0.011410 0.967118
475 1042.000000 8.000000 0.013696 0.011410 0.967118
476 1034.000000 -8.000000 0.012972 0.012067 0.959693
477 1038.000000 4.000000 0.013696 0.011410 0.967118
478 1038.000000 0.000000 0.013323 0.011739 0.963391
479 1037.000000 -1.000000 0.013323 0.011739 0.963391
480 1030.000000 -7.000000 0.013414 0.011657 0.964320
481 1034.000000 4.000000 0.014095 0.011082 0.970874
482 1032.000000 -2.000000 0.013696 0.011410 0.967118
483 1042.000000 10.000000 0.013892 0.011246 0.968992
484 1037.000000 -5.000000 0.012972 0.012067 0.959693
485 1043.000000 6.000000 0.013414 0.011657 0.964320
486 1038.000000 -5.000000 0.012887 0.012149 0.958773
487 1040.000000 2.000000 0.013323 0.011739 0.963391
488 1043.000000 3.000000 0.013144 0.011903 0.961538
489 1038.000000 -5.000000 0.012887 0.012149 0.958773
490 1037.000000 -1.000000 0.013323 0.011739 0.963391
491 1049.000000 12.000000 0.013414 0.011657 0.964320
492 1039.000000 -10.000000 0.012405 0.012641 0.953289
493 1037.000000 -2.000000 0.013233 0.011821 0.962464
494 1034.000000 -3.000000 0.013414 0.011657 0.964320
495 1045.000000 11.000000 0.013696 0.011410 0.967118
496 1051.000000 6.000000 0.012722 0.012313 0.956938
497 1050.000000 -1.000000 0.012254 0.012805 0.951475
498 1053.000000 3.000000 0.012329 0.012723 0.952381
499 1049.000000 -4.000000 0.012107 0.012968 0.949668
500 1050.000000 1.000000 0.012405 0.012641 0.953289
501 1054.000000 4.000000 0.012329 0.012723 0.952381
502 1050.000000 -4.000000 0.012034 0.013050 0.948767
503 1056.000000 6.000000 0.012329 0.012723 0.952381
504 1048.000000 -8.000000 0.011893 0.013214 0.946970
505 1044.000000 -4.000000 0.012483 0.012559 0.954198
506 1047.000000 3.000000 0.012804 0.012231 0.957854
507 1045.000000 -2.000000 0.012561 0.012477 0.955110
508 1049.000000 4.000000 0.012722 0.012313 0.956938
509 1048.000000 -1.000000 0.012405 0.012641 0.953289
510 1050.000000 2.000000 0.012483 0.012559 0.954198
511 1054.000000 4.000000 0.012329 0.012723 0.952381
512 1057.000000 3.000000 0.012034 0.013050 0.948767
513 1060.000000 3.000000 0.011824 0.013296 0.946074
514 1060.000000 0.000000 0.011622 0.013541 0.943396
515 1064.000000 4.000000 0.011622 0.013541 0.943396
516 1065.000000 1.000000 0.011364 0.013868 0.939850
517 1064.000000 -1.000000 0.011302 0.013949 0.938967
518 1060.000000 -4.000000 0.011364 0.013868 0.939850
519 1060.000000 0.000000 0.011622 0.013541 0.943396
520 1057.000000 -3.000000 0.011622 0.013541 0.943396
521 1064.000000 7.000000 0.011824 0.013296 0.946074
522 1060.000000 -4.000000 0.011364 0.013868 0.939850
523 1056.000000 -4.000000 0.011622 0.013541 0.943396
524 1062.000000 6.000000 0.011893 0.013214 0.946970
525 1057.000000 -5.000000 0.011491 0.013704 0.941620
526 1051.000000 -6.000000 0.011824 0.013296 0.946074
527 1055.000000 4.000000 0.012254 0.012805 0.951475
528 1056.000000 1.000000 0.011963 0.013132 0.947867
529 1063.000000 7.000000 0.011893 0.013214 0.946970
530 1064.000000 1.000000 0.011427 0.013786 0.940734
531 1058.000000 -6.000000 0.011364 0.013868 0.939850
532 1055.000000 -3.000000 0.011756 0.013377 0.945180
533 1051.000000 -4.000000 0.011963 0.013132 0.947867
534 1048.000000 -3.000000 0.012254 0.012805 0.951475
535 1055.000000 7.000000 0.012483 0.012559 0.954198
536 1060.000000 5.000000 0.011963 0.013132 0.947867
537 1058.000000 -2.000000 0.011622 0.013541 0.943396
538 1060.000000 2.000000 0.011756 0.013377 0.945180
539 1051.000000 -9.000000 0.011622 0.013541 0.943396
540 1056.000000 5.000000 0.012254 0.012805 0.951475
541 1058.000000 2.000000 0.011893 0.013214 0.946970
542 1054.000000 -4.000000 0.011756 0.013377 0.945180
543 1042.000000 -12.000000 0.012034 0.013050 0.948767
544 1046.000000 4.000000 0.012972 0.012067 0.959693
545 1041.000000 -5.000000 0.012641 0.012395 0.956023
546 1042.000000 1.000000 0.013057 0.011985 0.960615
547 1037.000000 -5.000000 0.012972 0.012067 0.959693
548 1037.000000 0.000000 0.013414 0.011657 0.964320
549 1039.000000 2.000000 0.013414 0.011657 0.964320
550 1040.000000 1.000000 0.013233 0.011821 0.962464
551 1042.000000 2.000000 0.013144 0.011903 0.961538
552 1050.000000 8.000000 0.012972 0.012067 0.959693
553 1048.000000 -2.000000 0.012329 0.012723 0.952381
554 1052.000000 4.000000 0.012483 0.012559 0.954198
555 1052.000000 0.000000 0.012180 0.012886 0.950570
556 1051.000000 -1.000000 0.012180 0.012886 0.950570
557 1052.000000 1.000000 0.012254 0.012805 0.951475
558 1052.000000 0.000000 0.012180 0.012886 0.950570
559 1056.000000 4.000000 0.012180 0.012886 0.950570
560 1058.000000 2.000000 0.011893 0.013214 0.946970
561 1052.000000 -6.000000 0.011756 0.013377 0.945180
562 1056.000000 4.000000 0.012180 0.012886 0.950570
563 1057.000000 1.000000 0.011893 0.013214 0.946970
564 1057.000000 0.000000 0.011824 0.013296 0.946074
565 1058.000000 1.000000 0.011824 0.013296 0.946074
566 1050.000000 -8.000000 0.011756 0.013377 0.945180
567 1057.000000 7.000000 0.012329 0.012723 0.952381
568 1060.000000 3.000000 0.011824 0.013296 0.946074
569 1054.000000 -6.000000 0.011622 0.013541 0.943396
570 1050.000000 -4.000000 0.012034 0.013050 0.948767
571 1048.000000 -2.000000 0.012329 0.012723 0.952381
572 1052.000000 4.000000 0.012483 0.012559 0.954198
573 1043.000000 -9.000000 0.012180 0.012886 0.950570
574 1044.000000 1.000000 0.012887 0.012149 0.958773
575 1043.000000 -1.000000 0.012804 0.012231 0.957854
576 1039.000000 -4.000000 0.012887 0.012149 0.958773
577 1037.000000 -2.000000 0.013233 0.011821 0.962464
578 1041.000000 4.000000 0.013414 0.011657 0.964320
579 1035.000000 -6.000000 0.013057 0.011985 0.960615
580 1037.000000 2.000000 0.013601 0.011492 0.966184
581 1039.000000 2.000000 0.013414 0.011657 0.964320
582 1036.000000 -3.000000 0.013233 0.011821 0.962464
583 1035.000000 -1.000000 0.013507 0.011575 0.965251
584 1042.000000 7.000000 0.013601 0.011492 0.966184
585 1045.000000 3.000000 0.012972 0.012067 0.959693
586 1041.000000 -4.000000 0.012722 0.012313 0.956938
587 1049.000000 8.000000 0.013057 0.011985 0.960615
588 1040.000000 -9.000000 0.012405 0.012641 0.953289
589 1044.000000 4.000000 0.013144 0.011903 0.961538
590 1047.000000 3.000000 0.012804 0.012231 0.957854
591 1046.000000 -1.000000 0.012561 0.012477 0.955110
592 1041.000000 -5.000000 0.012641 0.012395 0.956023
593 1045.000000 4.000000 0.013057 0.011985 0.960615
594 1045.000000 0.000000 0.012722 0.012313 0.956938
595 1031.000000 -14.000000 0.012722 0.012313 0.956938
596 1024.000000 -7.000000 0.013993 0.011164 0.969932
597 1026.000000 2.000000 0.014744 0.010588 0.976562
598 1025.000000 -1.000000 0.014520 0.010753 0.974659
599 1031.000000 6.000000 0.014631 0.010671 0.975610
600 1032.000000 1.000000 0.013993 0.011164 0.969932
601 1033.000000 1.000000 0.013892 0.011246 0.968992
602 1034.000000 1.000000 0.013794 0.011328 0.968054
603 1042.000000 8.000000 0.013696 0.011410 0.967118
604 1033.000000 -9.000000 0.012972 0.012067 0.959693
605 1031.000000 -2.000000 0.013794 0.011328 0.968054
606 1024.000000 -7.000000 0.013993 0.011164 0.969932
607 1037.000000 13.000000 0.014744 0.010588 0.976562
608 1040.000000 3.000000 0.013414 0.011657 0.964320
609 1031.000000 -9.000000 0.013144 0.011903 0.961538
610 1027.000000 -4.000000 0.013993 0.011164 0.969932
611 1024.000000 -3.000000 0.014411 0.010835 0.973710
612 1029.000000 5.000000 0.014744 0.010588 0.976562
613 1036.000000 7.000000 0.014198 0.010999 0.971817
614 1044.000000 8.000000 0.013507 0.011575 0.965251
615 1043.000000 -1.000000 0.012804 0.012231 0.957854
616 1047.000000 4.000000 0.012887 0.012149 0.958773
617 1054.000000 7.000000 0.012561 0.012477 0.955110
618 1052.000000 -2.000000 0.012034 0.013050 0.948767
619 1046.000000 -6.000000 0.012180 0.012886 0.950570
620 1043.000000 -3.000000 0.012641 0.012395 0.956023
621 1054.000000 11.000000 0.012887 0.012149 0.958773
622 1055.000000 1.000000 0.012034 0.013050 0.948767
623 1064.000000 9.000000 0.011963 0.013132 0.947867
624 1053.000000 -11.000000 0.011364 0.013868 0.939850
625 1045.000000 -8.000000 0.012107 0.012968 0.949668
626 1041.000000 -4.000000 0.012722 0.012313 0.956938
627 1044.000000 3.000000 0.013057 0.011985 0.960615
628 1038.000000 -6.000000 0.012804 0.012231 0.957854
629 1047.000000 9.000000 0.013323 0.011739 0.963391
630 1055.000000 8.000000 0.012561 0.012477 0.955110
631 1059.000000 4.000000 0.011963 0.013132 0.947867
632 1052.000000 -7.000000 0.011688 0.013459 0.944287
633 1053.000000 1.000000 0.012180 0.012886 0.950570
634 1058.000000 5.000000 0.012107 0.012968 0.949668
635 1058.000000 0.000000 0.011756 0.013377 0.945180
636 1050.000000 -8.000000 0.011756 0.013377 0.945180
637 1047.000000 -3.000000 0.012329 0.012723 0.952381
638 1044.000000 -3.000000 0.012561 0.012477 0.955110
639 1045.000000 1.000000 0.012804 0.012231 0.957854
640 1037.000000 -8.000000 0.012722 0.012313 0.956938
641 1049.000000 12.000000 0.013414 0.011657 0.964320
642 1045.000000 -4.000000 0.012405 0.012641 0.953289
643 1045.000000 0.000000 0.012722 0.012313 0.956938
644 1043.000000 -2.000000 0.012722 0.012313 0.956938
645 1042.000000 -1.000000 0.012887 0.012149 0.958773
646 1043.000000 1.000000 0.012972 0.012067 0.959693
647 1049.000000 6.000000 0.012887 0.012149 0.958773
648 1041.000000 -8.000000 0.012405 0.012641 0.953289
649 1036.000000 -5.000000 0.013057 0.011985 0.960615
650 1040.000000 4.000000 0.013507 0.011575 0.965251
651 1037.000000 -3.000000 0.013144 0.011903 0.961538
652 1047.000000 10.000000 0.013414 0.011657 0.964320
653 1043.000000 -4.000000 0.012561 0.012477 0.955110
654 1046.000000 3.000000 0.012887 0.012149 0.958773
655 1053.000000 7.000000 0.012641 0.012395 0.956023
656 1056.000000 3.000000 0.012107 0.012968 0.949668
657 1055.000000 -1.000000 0.011893 0.013214 0.946970
658 1055.000000 0.000000 0.011963 0.013132 0.947867
659 1055.000000 0.000000 0.011963 0.013132 0.947867
660 1060.000000 5.000000 0.011963 0.013132 0.947867
661 1059.000000 -1.000000 0.011622 0.013541 0.943396
662 1061.000000 2.000000 0.011688 0.013459 0.944287
663 1053.000000 -8.000000 0.011556 0.013623 0.942507
664 1044.000000 -9.000000 0.012107 0.012968 0.949668
665 1049.000000 5.000000 0.012804 0.012231 0.957854
666 1051.000000 2.000000 0.012405 0.012641 0.953289
667 1050.000000 -1.000000 0.012254 0.012805 0.951475
668 1054.000000 4.000000 0.012329 0.012723 0.952381
669 1045.000000 -9.000000 0.012034 0.013050 0.948767
670 1040.000000 -5.000000 0.012722 0.012313 0.956938
671 1044.000000 4.000000 0.013144 0.011903 0.961538
672 1046.000000 2.000000 0.012804 0.012231 0.957854
673 1048.000000 2.000000 0.012641 0.012395 0.956023
674 1051.000000 3.000000 0.012483 0.012559 0.954198
675 1056.000000 5.000000 0.012254 0.012805 0.951475
676 1053.000000 -3.000000 0.011893 0.013214 0.946970
677 1046.000000 -7.000000 0.012107 0.012968 0.949668
678 1044.000000 -2.000000 0.012641 0.012395 0.956023
679 1045.000000 1.000000 0.012804 0.012231 0.957854
680 1044.000000 -1.000000 0.012722 0.012313 0.956938
681 1046.000000 2.000000 0.012804 0.012231 0.957854
682 1046.000000 0.000000 0.012641 0.012395 0.956023
683 1047.000000 1.000000 0.012641 0.012395 0.956023
684 1046.000000 -1.000000 0.012561 0.012477 0.955110
685 1045.000000 -1.000000 0.012641 0.012395 0.956023
686 1043.000000 -2.000000 0.012722 0.012313 0.956938
687 1042.000000 -1.000000 0.012887 0.012149 0.958773
688 1037.000000 -5.000000 0.012972 0.012067 0.959693
689 1030.000000 -7.000000 0.013414 0.011657 0.964320
690 1026.000000 -4.000000 0.014095 0.011082 0.970874
691 1028.000000 2.000000 0.014520 0.010753 0.974659
692 1027.000000 -1.000000 0.014304 0.010917 0.972763
693 1026.000000 -1.000000 0.014411 0.010835 0.973710
694 1038.000000 12.000000 0.014520 0.010753 0.974659
695 1043.000000 5.000000 0.013323 0.011739 0.963391
696 1045.000000 2.000000 0.012887 0.012149 0.958773
697 1049.000000 4.000000 0.012722 0.012313 0.956938
698 1049.000000 0.000000 0.012405 0.012641 0.953289
699 1048.000000 -1.000000 0.012405 0.012641 0.953289
700 1053.000000 5.000000 0.012483 0.012559 0.954198
701 1051.000000 -2.000000 0.012107 0.012968 0.949668
702 1047.000000 -4.000000 0.012254 0.012805 0.951475
703 1038.000000 -9.000000 0.012561 0.012477 0.955110
704 1033.000000 -5.000000 0.013323 0.011739 0.963391
705 1032.000000 -1.000000 0.013794 0.011328 0.968054
706 1035.000000 3.000000 0.013892 0.011246 0.968992
707 1033.000000 -2.000000 0.013601 0.011492 0.966184
708 1030.000000 -3.000000 0.013794 0.011328 0.968054
709 1031.000000 1.000000 0.014095 0.011082 0.970874
710 1034.000000 3.000000 0.013993 0.011164 0.969932
711 1035.000000 1.000000 0.013696 0.011410 0.967118
712 1032.000000 -3.000000 0.013601 0.011492 0.966184
713 1034.000000 2.000000 0.013892 0.011246 0.968992
714 1034.000000 0.000000 0.013696 0.011410 0.967118
715 1031.000000 -3.000000 0.013696 0.011410 0.967118
716 1029.000000 -2.000000 0.013993 0.011164 0.969932
717 1039.000000 10.000000 0.014198 0.010999 0.971817
718 1045.000000 6.000000 0.013233 0.011821 0.962464
719 1043.000000 -2.000000 0.012722 0.012313 0.956938
720 1050.000000 7.000000 0.012887 0.012149 0.958773
721 1049.000000 -1.000000 0.012329 0.012723 0.952381
722 1045.000000 -4.000000 0.012405 0.012641 0.953289
723 1047.000000 2.000000 0.012722 0.012313 0.956938
724 1051.000000 4.000000 0.012561 0.012477 0.955110
725 1048.000000 -3.000000 0.012254 0.012805 0.951475
726 1039.000000 -9.000000 0.012483 0.012559 0.954198
727 1053.000000 14.000000 0.013233 0.011821 0.962464
728 1055.000000 2.000000 0.012107 0.012968 0.949668
729 1056.000000 1.000000 0.011963 0.013132 0.947867
730 1055.000000 -1.000000 0.011893 0.013214 0.946970
731 1044.000000 -11.000000 0.011963 0.013132 0.947867
732 1049.000000 5.000000 0.012804 0.012231 0.957854
733 1047.000000 -2.000000 0.012405 0.012641 0.953289
734 1049.000000 2.000000 0.012561 0.012477 0.955110
735 1054.000000 5.000000 0.012405 0.012641 0.953289
736 1048.000000 -6.000000 0.012034 0.013050 0.948767
737 1047.000000 -1.000000 0.012483 0.012559 0.954198
738 1053.000000 6.000000 0.012561 0.012477 0.955110
739 1052.000000 -1.000000 0.012107 0.012968 0.949668
740 1056.000000 4.000000 0.012180 0.012886 0.950570
741 1058.000000 2.000000 0.011893 0.013214 0.946970
742 1055.000000 -3.000000 0.011756 0.013377 0.945180
743 1052.000000 -3.000000 0.011963 0.013132 0.947867
744 1054.000000 2.000000 0.012180 0.012886 0.950570
745 1055.000000 1.000000 0.012034 0.013050 0.948767
746 1062.000000 7.000000 0.011963 0.013132 0.947867
747 1057.000000 -5.000000 0.011491 0.013704 0.941620
748 1065.000000 8.000000 0.011824 0.013296 0.946074
749 1070.000000 5.000000 0.011302 0.013949 0.938967
750 1063.000000 -7.000000 0.011002 0.014358 0.934579
751 1061.000000 -2.000000 0.011427 0.013786 0.940734
752 1051.000000 -10.000000 0.011556 0.013623 0.942507
753 1059.000000 8.000000 0.012254 0.012805 0.951475
754 1060.000000 1.000000 0.011688 0.013459 0.944287
755 1055.000000 -5.000000 0.011622 0.013541 0.943396
756 1053.000000 -2.000000 0.011963 0.013132 0.947867
757 1045.000000 -8.000000 0.012107 0.012968 0.949668
758 1048.000000 3.000000 0.012722 0.012313 0.956938
759 1045.000000 -3.000000 0.012483 0.012559 0.954198
760 1043.000000 -2.000000 0.012722 0.012313 0.956938
761 1042.000000 -1.000000 0.012887 0.012149 0.958773
762 1047.000000 5.000000 0.012972 0.012067 0.959693
763 1050.000000 3.000000 0.012561 0.012477 0.955110
764 1051.000000 1.000000 0.012329 0.012723 0.952381
765 1045.000000 -6.000000 0.012254 0.012805 0.951475
766 1041.000000 -4.000000 0.012722 0.012313 0.956938
767 1033.000000 -8.000000 0.013057 0.011985 0.960615
768 1041.000000 8.000000 0.013794 0.011328 0.968054
769 1037.000000 -4.000000 0.013057 0.011985 0.960615
770 1031.000000 -6.000000 0.013414 0.011657 0.964320
771 1041.000000 10.000000 0.013993 0.011164 0.969932
772 1041.000000 0.000000 0.013057 0.011985 0.960615
773 1042.000000 1.000000 0.013057 0.011985 0.960615
774 1056.000000 14.000000 0.012972 0.012067 0.959693
775 1057.000000 1.000000 0.011893 0.013214 0.946970
776 1053.000000 -4.000000 0.011824 0.013296 0.946074
777 1057.000000 4.000000 0.012107 0.012968 0.949668
778 1056.000000 -1.000000 0.011824 0.013296 0.946074
779 1056.000000 0.000000 0.011893 0.013214 0.946970
780 1057.000000 1.000000 0.011893 0.013214 0.946970
781 1046.000000 -11.000000 0.011824 0.013296 0.946074
782 1050.000000 4.000000 0.012641 0.012395 0.956023
783 1052.000000 2.000000 0.012329 0.012723 0.952381
784 1053.000000 1.000000 0.012180 0.012886 0.950570
785 1053.000000 0.000000 0.012107 0.012968 0.949668
786 1053.000000 0.000000 0.012107 0.012968 0.949668
787 1049.000000 -4.000000 0.012107 0.012968 0.949668
788 1049.000000 0.000000 0.012405 0.012641 0.953289
789 1041.000000 -8.000000 0.012405 0.012641 0.953289
790 1048.000000 7.000000 0.013057 0.011985 0.960615
791 1056.000000 8.000000 0.012483 0.012559 0.954198
792 1054.000000 -2.000000 0.011893 0.013214 0.946970
793 1060.000000 6.000000 0.012034 0.013050 0.948767
794 1050.000000 -10.000000 0.011622 0.013541 0.943396
795 1043.000000 -7.000000 0.012329 0.012723 0.952381
796 1033.000000 -10.000000 0.012887 0.012149 0.958773
797 1043.000000 10.000000 0.013794 0.011328 0.968054
798 1041.000000 -2.000000 0.012887 0.012149 0.958773
799 1046.000000 5.000000 0.013057 0.011985 0.960615
800 1047.000000 1.000000 0.012641 0.012395 0.956023
801 1046.000000 -1.000000 0.012561 0.012477 0.955110
802 1036.000000 -10.000000 0.012641 0.012395 0.956023
803 1034.000000 -2.000000 0.013507 0.011575 0.965251
804 1038.000000 4.000000 0.013696 0.011410 0.967118
805 1036.000000 -2.000000 0.013323 0.011739 0.963391
806 1033.000000 -3.000000 0.013507 0.011575 0.965251
807 1037.000000 4.000000 0.013794 0.011328 0.968054
808 1032.000000 -5.000000 0.013414 0.011657 0.964320
809 1038.000000 6.000000 0.013892 0.011246 0.968992
810 1038.000000 0.000000 0.013323 0.011739 0.963391
811 1033.000000 -5.000000 0.013323 0.011739 0.963391
812 1042.000000 9.000000 0.013794 0.011328 0.968054
813 1039.000000 -3.000000 0.012972 0.012067 0.959693
814 1030.000000 -9.000000 0.013233 0.011821 0.962464
815 1044.000000 14.000000 0.014095 0.011082 0.970874
816 1045.000000 1.000000 0.012804 0.012231 0.957854
817 1053.000000 8.000000 0.012722 0.012313 0.956938
818 1061.000000 8.000000 0.012107 0.012968 0.949668
819 1053.000000 -8.000000 0.011556 0.013623 0.942507
820 1061.000000 8.000000 0.012107 0.012968 0.949668
821 1063.000000 2.000000 0.011556 0.013623 0.942507
822 1056.000000 -7.000000 0.011427 0.013786 0.940734
823 1056.000000 0.000000 0.011893 0.013214 0.946970
824 1061.000000 5.000000 0.011893 0.013214 0.946970
825 1057.000000 -4.000000 0.011556 0.013623 0.942507
826 1059.000000 2.000000 0.011824 0.013296 0.946074
827 1051.000000 -8.000000 0.011688 0.013459 0.944287
828 1061.000000 10.000000 0.012254 0.012805 0.951475
829 1060.000000 -1.000000 0.011556 0.013623 0.942507
830 1059.000000 -1.000000 0.011622 0.013541 0.943396
831 1067.000000 8.000000 0.011688 0.013459 0.944287
832 1059.000000 -8.000000 0.011180 0.014113 0.937207
833 1058.000000 -1.000000 0.011688 0.013459 0.944287
834 1051.000000 -7.000000 0.011756 0.013377 0.945180
835 1050.000000 -1.000000 0.012254 0.012805 0.951475
836 1052.000000 2.000000 0.012329 0.012723 0.952381
837 1048.000000 -4.000000 0.012180 0.012886 0.950570
838 1056.000000 8.000000 0.012483 0.012559 0.954198
839 1053.000000 -3.000000 0.011893 0.013214 0.946970
840 1050.000000 -3.000000 0.012107 0.012968 0.949668
841 1048.000000 -2.000000 0.012329 0.012723 0.952381
842 1053.000000 5.000000 0.012483 0.012559 0.954198
843 1058.000000 5.000000 0.012107 0.012968 0.949668
844 1054.000000 -4.000000 0.011756 0.013377 0.945180
845 1047.000000 -7.000000 0.012034 0.013050 0.948767
846 1056.000000 9.000000 0.012561 0.012477 0.955110
847 1064.000000 8.000000 0.011893 0.013214 0.946970
848 1070.000000 6.000000 0.011364 0.013868 0.939850
849 1072.000000 2.000000 0.011002 0.014358 0.934579
850 1069.000000 -3.000000 0.010888 0.014521 0.932836
851 1062.000000 -7.000000 0.011061 0.014276 0.935454
852 1058.000000 -4.000000 0.011491 0.013704 0.941620
853 1058.000000 0.000000 0.011756 0.013377 0.945180
854 1049.000000 -9.000000 0.011756 0.013377 0.945180
855 1041.000000 -8.000000 0.012405 0.012641 0.953289
856 1046.000000 5.000000 0.013057 0.011985 0.960615
857 1038.000000 -8.000000 0.012641 0.012395 0.956023
858 1039.000000 1.000000 0.013323 0.011739 0.963391
859 1038.000000 -1.000000 0.013233 0.011821 0.962464
860 1048.000000 10.000000 0.013323 0.011739 0.963391
861 1047.000000 -1.000000 0.012483 0.012559 0.954198
862 1042.000000 -5.000000 0.012561 0.012477 0.955110
863 1044.000000 2.000000 0.012972 0.012067 0.959693
864 1045.000000 1.000000 0.012804 0.012231 0.957854
865 1048.000000 3.000000 0.012722 0.012313 0.956938
866 1042.000000 -6.000000 0.012483 0.012559 0.954198
867 1045.000000 3.000000 0.012972 0.012067 0.959693
868 1049.000000 4.000000 0.012722 0.012313 0.956938
869 1057.000000 8.000000 0.012405 0.012641 0.953289
870 1063.000000 6.000000 0.011824 0.013296 0.946074
871 1068.000000 5.000000 0.011427 0.013786 0.940734
872 1062.000000 -6.000000 0.011120 0.014194 0.936330
873 1055.000000 -7.000000 0.011491 0.013704 0.941620
874 1047.000000 -8.000000 0.011963 0.013132 0.947867
875 1040.000000 -7.000000 0.012561 0.012477 0.955110
876 1044.000000 4.000000 0.013144 0.011903 0.961538
877 1043.000000 -1.000000 0.012804 0.012231 0.957854
878 1055.000000 12.000000 0.012887 0.012149 0.958773
879 1059.000000 4.000000 0.011963 0.013132 0.947867
880 1054.000000 -5.000000 0.011688 0.013459 0.944287
881 1059.000000 5.000000 0.012034 0.013050 0.948767
882 1062.000000 3.000000 0.011688 0.013459 0.944287
883 1055.000000 -7.000000 0.011491 0.013704 0.941620
884 1058.000000 3.000000 0.011963 0.013132 0.947867
885 1047.000000 -11.000000 0.011756 0.013377 0.945180
886 1047.000000 0.000000 0.012561 0.012477 0.955110
887 1048.000000 1.000000 0.012561 0.012477 0.955110
888 1053.000000 5.000000 0.012483 0.012559 0.954198
889 1059.000000 6.000000 0.012107 0.012968 0.949668
890 1053.000000 -6.000000 0.011688 0.013459 0.944287
891 1056.000000 3.000000 0.012107 0.012968 0.949668
892 1051.000000 -5.000000 0.011893 0.013214 0.946970
893 1062.000000 11.000000 0.012254 0.012805 0.951475
894 1059.000000 -3.000000 0.011491 0.013704 0.941620
895 1062.000000 3.000000 0.011688 0.013459 0.944287
896 1060.000000 -2.000000 0.011491 0.013704 0.941620
897 1057.000000 -3.000000 0.011622 0.013541 0.943396
898 1051.000000 -6.000000 0.011824 0.013296 0.946074
899 1048.000000 -3.000000 0.012254 0.012805 0.951475
900 1049.000000 1.000000 0.012483 0.012559 0.954198
901 1044.000000 -5.000000 0.012405 0.012641 0.953289
902 1042.000000 -2.000000 0.012804 0.012231 0.957854
903 1046.000000 4.000000 0.012972 0.012067 0.959693
904 1046.000000 0.000000 0.012641 0.012395 0.956023
905 1041.000000 -5.000000 0.012641 0.012395 0.956023
906 1035.000000 -6.000000 0.013057 0.011985 0.960615
907 1029.000000 -6.000000 0.013601 0.011492 0.966184
908 1039.000000 10.000000 0.014198 0.010999 0.971817
909 1038.000000 -1.000000 0.013233 0.011821 0.962464
910 1044.000000 6.000000 0.013323 0.011739 0.963391
911 1043.000000 -1.000000 0.012804 0.012231 0.957854
912 1039.000000 -4.000000 0.012887 0.012149 0.958773
913 1043.000000 4.000000 0.013233 0.011821 0.962464
914 1045.000000 2.000000 0.012887 0.012149 0.958773
915 1037.000000 -8.000000 0.012722 0.012313 0.956938
916 1047.000000 10.000000 0.013414 0.011657 0.964320
917 1053.000000 6.000000 0.012561 0.012477 0.955110
918 1055.000000 2.000000 0.012107 0.012968 0.949668
919 1063.000000 8.000000 0.011963 0.013132 0.947867
920 1064.000000 1.000000 0.011427 0.013786 0.940734
921 1062.000000 -2.000000 0.011364 0.013868 0.939850
922 1052.000000 -10.000000 0.011491 0.013704 0.941620
923 1057.000000 5.000000 0.012180 0.012886 0.950570
924 1065.000000 8.000000 0.011824 0.013296 0.946074
925 1062.000000 -3.000000 0.011302 0.013949 0.938967
926 1054.000000 -8.000000 0.011491 0.013704 0.941620
927 1054.000000 0.000000 0.012034 0.013050 0.948767
928 1054.000000 0.000000 0.012034 0.013050 0.948767
929 1052.000000 -2.000000 0.012034 0.013050 0.948767
930 1060.000000 8.000000 0.012180 0.012886 0.950570
931 1055.000000 -5.000000 0.011622 0.013541 0.943396
932 1045.000000 -10.000000 0.011963 0.013132 0.947867
933 1046.000000 1.000000 0.012722 0.012313 0.956938
934 1042.000000 -4.000000 0.012641 0.012395 0.956023
935 1042.000000 0.000000 0.012972 0.012067 0.959693
936 1030.000000 -12.000000 0.012972 0.012067 0.959693
937 1040.000000 10.000000 0.014095 0.011082 0.970874
938 1044.000000 4.000000 0.013144 0.011903 0.961538
939 1046.000000 2.000000 0.012804 0.012231 0.957854
940 1044.000000 -2.000000 0.012641 0.012395 0.956023
941 1037.000000 -7.000000 0.012804 0.012231 0.957854
942 1041.000000 4.000000 0.013414 0.011657 0.964320
943 1049.000000 8.000000 0.013057 0.011985 0.960615
944 1042.000000 -7.000000 0.012405 0.012641 0.953289
945 1048.000000 6.000000 0.012972 0.012067 0.959693
946 1048.000000 0.000000 0.012483 0.012559 0.954198
947 1046.000000 -2.000000 0.012483 0.012559 0.954198
948 1056.000000 10.000000 0.012641 0.012395 0.956023
949 1048.000000 -8.000000 0.011893 0.013214 0.946970
950 1042.000000 -6.000000 0.012483 0.012559 0.954198
951 1030.000000 -12.000000 0.012972 0.012067 0.959693
952 1026.000000 -4.000000 0.014095 0.011082 0.970874
953 1022.000000 -4.000000 0.014520 0.010753 0.974659
954 1029.000000 7.000000 0.014976 0.010424 0.978474
955 1038.000000 9.000000 0.014198 0.010999 0.971817
956 1039.000000 1.000000 0.013323 0.011739 0.963391
957 1036.000000 -3.000000 0.013233 0.011821 0.962464
958 1040.000000 4.000000 0.013507 0.011575 0.965251
959 1044.000000 4.000000 0.013144 0.011903 0.961538
960 1051.000000 7.000000 0.012804 0.012231 0.957854
961 1049.000000 -2.000000 0.012254 0.012805 0.951475
962 1048.000000 -1.000000 0.012405 0.012641 0.953289
963 1047.000000 -1.000000 0.012483 0.012559 0.954198
964 1047.000000 0.000000 0.012561 0.012477 0.955110
965 1052.000000 5.000000 0.012561 0.012477 0.955110
966 1050.000000 -2.000000 0.012180 0.012886 0.950570
967 1049.000000 -1.000000 0.012329 0.012723 0.952381
968 1045.000000 -4.000000 0.012405 0.012641 0.953289
969 1042.000000 -3.000000 0.012722 0.012313 0.956938
970 1042.000000 0.000000 0.012972 0.012067 0.959693
971 1043.000000 1.000000 0.012972 0.012067 0.959693
972 1050.000000 7.000000 0.012887 0.012149 0.958773
973 1055.000000 5.000000 0.012329 0.012723 0.952381
974 1044.000000 -11.000000 0.011963 0.013132 0.947867
975 1047.000000 3.000000 0.012804 0.012231 0.957854
976 1045.000000 -2.000000 0.012561 0.012477 0.955110
977 1044.000000 -1.000000 0.012722 0.012313 0.956938
978 1045.000000 1.000000 0.012804 0.012231 0.957854
979 1050.000000 5.000000 0.012722 0.012313 0.956938
980 1040.000000 -10.000000 0.012329 0.012723 0.952381
981 1040.000000 0.000000 0.013144 0.011903 0.961538
982 1045.000000 5.000000 0.013144 0.011903 0.961538
983 1039.000000 -6.000000 0.012722 0.012313 0.956938
984 1047.000000 8.000000 0.013233 0.011821 0.962464
985 1047.000000 0.000000 0.012561 0.012477 0.955110
986 1050.000000 3.000000 0.012561 0.012477 0.955110
987 1044.000000 -6.000000 0.012329 0.012723 0.952381
988 1049.000000 5.000000 0.012804 0.012231 0.957854
989 1050.000000 1.000000 0.012405 0.012641 0.953289
990 1061.000000 11.000000 0.012329 0.012723 0.952381
991 1048.000000 -13.000000 0.011556 0.013623 0.942507
992 1048.000000 0.000000 0.012483 0.012559 0.954198
993 1041.000000 -7.000000 0.012483 0.012559 0.954198
994 1029.000000 -12.000000 0.013057 0.011985 0.960615
995 1031.000000 2.000000 0.014198 0.010999 0.971817
996 1034.000000 3.000000 0.013993 0.011164 0.969932
997 1034.000000 0.000000 0.013696 0.011410 0.967118
998 1035.000000 1.000000 0.013696 0.011410 0.967118
999 1044.000000 9.000000 0.013601 0.011492 0.966184
